From thuillot@iap.fr Mon Nov 15 15:19:55 1993
Subject: Saturnian phen. Table 4

TT                                                               Dist.    Day
Date of    Phen. Begins   Mid event Dur.  X    Y  Dist.Long.Lat. from     of the
mid event                                                        Sun Moon Moon
                 h  m  s  h  m  s    s  RS   RS   "    deg   deg deg deg
1993  5  2 8ECD  0 13 48  0 17 27  438 -6.3 -2.0 46.1 107.0E -13  73 163  10
1993  5  2 8ECR 10 18 52 10 22 32  440 -4.3 -1.9 30.6  44.0W -13  73 157  10
1993  7 20 8ECD 21 36 37 21 41 42  610 -3.6 -1.6 27.7  67.5E -13 149 167   1
1993  7 21 8ECR  5 15 55  5 20 51  592 -2.1 -1.5 14.9  47.5W -13 149 171   2
1994 10 24 5ECR  5 39  9  5 46  7  836  1.0  1.1  5.2 140.5W -11 125 106  19
1994 10 28 5ECR 18 13 12 18 19  7  710  1.1  1.1  5.6  26.5E -11 121 161  24
1994 11  2 5ECR  6 46 12  6 51 27  630  1.1  1.1  5.9 165.8W -11 116 134  28
1994 11  5 4ECR 21 12 17 21 13 37  160  1.4  0.7  5.0  25.0W -11 112  80   2
1994 11  6 5ECR 19 18 35 19 23 21  572  1.2  1.1  6.2   1.5W -11 112  66   3
1994 11  8 4ECR 14 55  6 14 56 25  158  1.4  0.7  5.1  66.3E -11 110  41   5
1994 11 11 5ECR  7 50 32  7 54 55  526  1.3  1.1  6.4 169.0E -11 107   8   8
1994 11 11 4ECR  8 37 54  8 39 13  158  1.4  0.7  5.1 157.8E -11 107   8   8
1994 11 14 4ECR  2 20 43  2 22  1  156  1.4  0.7  5.2 110.3W -11 104  31  11
1994 11 15 5ECR 20 22  8 20 26 13  490  1.3  1.1  6.6  22.8W -11 102  51  12
1994 11 16 4ECR 20  6  7 20  4 49  156  1.4  0.7  5.2  18.3W -11 101  63  13
1994 11 19 4ECR 13 46 20 13 47 37  154  1.4  0.7  5.3  73.0E -11  99  95  16
1994 11 20 5ECR  8 53 27  8 57 18  462  1.3  1.1  6.7 144.5E -11  98 104  17
1994 11 22 4ECR  7 29  8  7 30 25  154  1.4  0.7  5.3 164.5E -11  96 127  19
1994 11 24 5ECR 21 24 33 21 28 12  438  1.4  1.1  6.7  47.0W -11  93 159  21
1994 11 25 4ECR  1 11 56  1 13 12  152  1.4  0.7  5.3 103.3W -11  93 160  21
1994 11 27 4ECR 18 54 44 18 56  0  152  1.4  0.7  5.3  11.5W -11  91 161  24
1994 11 29 5ECR  9 55 29  9 58 57  416  1.4  1.1  6.7 120.3E -11  89 139  26
1994 11 30 4ECR 12 37 31 12 38 47  152  1.4  0.7  5.2  79.5E -11  88 123  27
1994 12  3 4ECR  6 20 19  6 21 34  150  1.4  0.7  5.2 171.3E -11  85  82   0
1994 12  3 5ECR 22 26 15 22 29 34  398  1.4  1.0  6.7  70.8W -11  85  72   1
1994 12  6 4ECR  0  3  5  0  4 20  150  1.4  0.7  5.1  96.5W -11  83  41   3
1994 12  8 5ECR 10 56 51 11  0  2  382  1.4  1.0  6.6  96.5E -11  80  10   5
1994 12  8 4ECR 17 45 52 17 47  6  148  1.4  0.7  5.1   4.8W -11  80   8   6
1994 12 11 4ECR 11 28 38 11 29 52  148  1.4  0.7  5.0  86.5E -11  77  31   8
1994 12 12 5ECR 23 27 19 23 30 24  370  1.4  1.0  6.5  94.8W -11  76  49  10
1994 12 17 5ECR 11 57 41 12  0 39  356  1.4  1.0  6.3  73.0E -11  71 102  15
1994 12 22 5ECR  0 27 56  0 30 48  344  1.4  1.0  6.1 118.0W -11  67 156  19
1994 12 26 5ECR 12 58  3 13  0 50  334  1.4  0.9  5.9  49.8E -10  63 143  24
1994 12 31 5ECR  1 28  4  1 30 47  326  1.4  0.9  5.7 141.3W -10  59  78  28
1995  1  4 5ECR 13 58  1 14  0 39  316  1.4  0.9  5.4  26.5E -10  55  14   3
1995  1  9 5ECR  2 27 51  2 30 25  308  1.3  0.9  5.1 164.5W -10  50  45   8
1995  5 20 5ECD  0 46 28  0 48 12  208 -1.6  0.1  5.1 105.0E  -5  66  43  20
1995  5 23 7ECD 15 26 43 15 28 15  184 -2.5 -0.1 12.3 118.0W  -4  69   7  24
1995  5 23 7ECR 17 45 29 17 47  1  184 -1.8 -0.1  6.5 152.8W  -4  69   8  24
1995  5 24 5ECD 13 12 48 13 14 31  206 -1.6  0.1  5.4  85.3W  -4  70  17  25
1995  5 26 6ECD 14 48 28 15 13 14 2972 -2.1  0.1  8.9 117.3W  -4  72  41  27
1995  5 29 5ECD  1 39  9  1 40 51  204 -1.7  0.1  5.6  83.5E  -4  74  70  29
1995  6  2 5ECD 14  5 31 14  7 12  202 -1.7  0.1  5.9 107.0W  -4  78 123   4
1995  6  7 5ECD  2 31 52  2 33 33  202 -1.7  0.1  6.0  61.8E  -4  82 175   9
1995  6 11 6ECD 13 32 32 13 48 11 1878 -2.4  0.0 11.7 110.5W  -4  86 117  13
1995  6 11 5ECD 14 58 16 14 59 56  200 -1.7  0.1  6.2 128.5W  -4  86 116  13
1995  6 13 7ECD 23  8 12 23  9  3  102 -2.9 -0.3 16.6 106.5E  -4  88  81  16
1995  6 14 7ECR  3  9 35  3 10 27  102 -1.7 -0.4  6.3  46.0E  -4  88  78  16
1995  6 16 5ECD  3 24 40  3 26 19  198 -1.7  0.1  6.3  40.0E  -4  90  48  18
1995  6 20 5ECD 15 51  4 15 52 43  198 -1.7  0.1  6.4 150.8W  -4  94  14  22
1995  6 25 5ECD  4 17 31  4 19  9  196 -1.7  0.1  6.5  18.3E  -4  98  67  27
1995  6 27 6ECD 12 21 43 12 34 10 1494 -2.5 -0.1 13.0 107.5W  -4 101  95  29
1995  6 29 5ECD 16 43 58 16 45 36  196 -1.7  0.1  6.5 172.5W  -4 103 121   2
1995  7  4 5ECD  5 10 28  5 12  5  194 -1.7  0.0  6.4   3.8W  -4 107 174   6
1995  7  5 7ECD  6 37 14  6 37 54   80 -3.0 -0.3 17.8  25.8W  -4 108 168   7
1995  7  8 5ECD 17 36 59 17 38 36  194 -1.7  0.1  6.4 165.0E  -4 111 121  11
1995  7 13 5ECD  6  3 34  6  5 10  192 -1.7  0.1  6.2  25.8W  -4 116  53  15
1995  7 13 6ECD 11 14 55 11 25 39 1288 -2.4 -0.1 12.9 106.0W  -4 117  50  15
1995  7 17 5ECD 18 30  9 18 31 45  192 -1.7  0.1  6.1 142.8E  -4 120  11  20
1995  7 22 5ECD  6 56 48  6 58 23  190 -1.6  0.1  5.8  48.3W  -4 124  66  24
1995  7 26 7ECD 13 41 14 13 41 48   68 -2.7 -0.2 15.7 153.3W  -4 129 116  29
1995  7 26 5ECD 19 23 29 19 25  4  190 -1.6  0.1  5.6 120.3E  -4 129 119  29
1995  7 29 6ECD 10 11 17 10 20 56 1158 -2.2  0.0 11.3 106.0W  -4 131 151   2
1995  7 31 5ECD  7 50 14  7 51 48  188 -1.6  0.1  5.2  70.8W  -4 133 173   4
1995  8 14 6ECD  9 10 22  9 19 17 1070 -1.9  0.1  8.4 106.8W  -5 147  15  18
1995  8 16 7ECD 20 17 29 20 18  0   62 -2.1  0.0 10.5  85.3E  -5 150  46  20
1995  9 28 7ECR 14 38 36 14 39  5   58  1.5  0.3  5.6 125.3E  -6 165 115   4
1995 10  1 6ECR 12  3 55 12 11 41  932  1.5  0.4  5.8 159.0E  -6 162  74   7
1995 10 17 6ECR 11 18  9 11 25 45  912  2.0  0.6 10.6 153.8E  -6 145 133  23
1995 10 19 7ECR 20  2 59 20  3 27   56  2.3  0.5 13.1  22.0E  -7 143 161  25
1995 10 25 5ECR  8 26 41  8 28 11  180  1.6  0.2  5.3 169.8W  -7 137 122   1
1995 10 29 5ECR 20 54 47 20 56 17  180  1.6  0.2  5.7   1.0W  -7 132  56   6
1995 11  2 6ECR 10 31 25 10 38 56  902  2.4  0.6 14.2 148.8E  -7 129   9   9
1995 11  3 5ECR  9 22 54  9 24 24  180  1.6  0.2  6.1 166.8E  -7 128   8  10
1995 11  7 5ECR 21 51  2 21 52 32  180  1.7  0.2  6.4  24.3W  -7 123  64  15
1995 11 10 7ECR  1  5 12  1  5 41   58  2.9  0.6 17.7  75.0W  -7 121  89  17
1995 11 12 5ECR 10 19 11 10 20 41  180  1.7  0.2  6.7 143.5E  -7 118 118  19
1995 11 16 5ECR 22 47 21 22 48 51  180  1.7  0.2  6.9  47.5W  -7 114 171  24
1995 11 18 6ECR  9 43 37  9 51  7  900  2.7  0.6 16.2 145.0E  -7 112 167  25
1995 11 21 4ECR 10  0  3 10  0 59  112  1.5  0.1  5.0 139.5E  -7 109 126  28
1995 11 21 5ECR 11 15 31 11 17  1  180  1.8  0.2  7.0 120.3E  -7 109 126  28
1995 11 24 4ECR  3 42 27  3 43 23  112  1.6  0.1  5.0 128.5W  -7 107  86   1
1995 11 25 5ECR 23 43 40 23 45 11  180  1.8  0.2  7.1  70.8W  -7 105  59   3
1995 11 26 4ECR 21 24 51 21 25 47  112  1.6  0.1  5.1  36.5W  -7 104  45   4
1995 11 29 4ECR 15  7 15 15  8 11  112  1.6  0.1  5.1  54.5E  -7 101   9   7
1995 11 30 5ECR 12 11 50 12 13 20  180  1.8  0.2  7.2  97.5E  -7 100   7   8
1995 12  1 7ECR  5 51  7  5 51 37  60   3.1  0.6 19.1 167.5W  -7  99  15   9
1995 12  2 4ECR  8 49 39  8 50 35  112  1.6  0.1  5.1 146.5E  -7  98  29  10
1995 12  4 6ECR  8 54 36  9  2 10  908  2.8  0.6 16.7 141.3E  -7  96  54  12
1995 12  5 5ECR  0 40  0  0 41 30  180  1.8  0.2  7.2  93.8W  -7  96  62  12
1995 12  5 4ECR  2 32  4  2 33  0  112  1.6  0.1  5.1 121.5W  -7  96  63  12
1995 12  7 4ECR 20 14 28 20 15 24  112  1.6  0.1  5.1  29.5W  -7  93  95  15
1995 12  9 5ECR 13  8  8 13  9 38  180  1.8  0.2  7.1  74.5E  -7  91 115  17
1995 12 10 4ECR 13 56 52 13 57 48  112  1.6  0.1  5.1  61.8E  -7  90 128  18
1995 12 13 4ECR  7 39 16  7 40 12  112  1.6  0.1  5.0 153.3E  -7  88 160  21
1995 12 14 5ECR  1 36 15  1 37 46  182  1.8  0.2  7.0 116.3W  -7  87 168  21
1995 12 16 4ECR  1 21 39  1 22 36  112  1.6  0.1  5.0 114.3W  -7  85 165  23
1995 12 18 5ECR 14  4 22 14  5 53  182  1.8  0.2  6.9  52.0E  -6  82 131  26
1995 12 20 6ECR  8  4  9  8 11 52  926  2.8  0.5 15.8 139.0E  -6  81 106  28
1995 12 22 7ECR 10 26 30 10 27  3   66  3.0  0.4 17.5 103.0E  -6  79  74   0
1995 12 23 5ECR  2 32 38  2 33 59  182  1.8  0.1  6.8 139.0W  -6  78  64   1
1995 12 27 5ECR 15  0 32 15  2  3  182  1.8  0.1  6.6  29.5E  -6  74   5   6
1996  1  1 5ECR  3 28 34  3 30  5  182  1.8  0.1  6.3 161.5W  -6  69  59  10
1996  1  5 6ECR  7 12  2  7 19 59  954  2.6  0.4 13.9 136.8E  -6  65 108  14
1996  1  5 5ECR 15 56 34 15 58  5  182  1.7  0.1  6.1   7.0W  -6  65 112  15
1996  1 10 5ECR  4 24 33  4 26  4  182  1.7  0.1  5.8 175.8E  -6  61 165  19
1996  1 12 7ECR 14 56 48 14 57 25   74  2.6  0.2 13.7  16.0E  -6  59 163  22
1996  1 14 5ECR 16 52 28 16 54  0  184  1.7  0.1  5.4  14.5W  -6  57 136  24
1996  1 19 5ECR  5 20 21  5 21 53  184  1.6  0.0  5.1 154.0E  -6  52  71  28
1996  1 21 6ECR  6 17 57  6 26 15  996  2.4  0.1 11.1 136.0E  -5  51  41   1
1996  2  2 7ECR 19 26 17 19 27  2   90  2.0 -0.2  8.4  70.0W  -5  39 120  13
1996  2  6 6ECR  5 21 33  5 30 21 1056  2.0 -0.1  7.7 135.8E  -5  36 161  17
1996  4  9 6ECD 21 49  2 22  4  5 1806 -1.2 -1.1  5.2 168.3W  -2  20  84  21
1996  4 25 6ECD 21 22 12 21 45  1 2738 -1.4 -1.3  8.2 177.3W  -1  34 124   8
1996  4 25 6ECR 23 28 43 23 51 40 2754 -0.7 -1.4  5.2 150.3E  -1  34 125   8
1996  5  6 5ECD 12 41 25 12 43  8  206 -1.5 -0.6  5.0  51.3W   1  43  97  19
1996  5 11 5ECD  1  9 18  1 11  2  208 -1.5 -0.6  5.4 117.3E   0  47  33  23
1996  5 15 5ECD 13 37 10 13  8 55  210 -1.6 -0.7  5.8  73.3W   0  51  28  28
1996  5 20 5ECD  2  5  3  2  6 49  212 -1.6 -0.7  6.1  95.3E   0  55  84   3
1996  5 24 5ECD 14 32 56 14 34 43  214 -1.6 -0.7  6.5  95.5W   0  59 137   7
1996  5 29 5ECD  3  0 48  3  2 36  216 -1.6 -0.7  6.8  73.0E   0  63 166  12
1996  6  2 5ECD 15 28 41 15 30 31  218 -1.7 -0.8  7.0 117.8W   0  67 103  16
1996  6  2 4ECD 15 36  2 15 37  3  122 -1.5 -0.5  5.0 119.5W   0  67 103  16
1996  6  5 4ECD  9 17 56  9 18 57  122 -1.5 -0.5  5.1  27.3W   0  69  62  19
1996  6  7 5ECD  3 56 35  3 58 25  220 -1.7 -0.8  7.3  50.5E   0  71  37  21
1996  6  8 4ECD  2 59 49  3  0 50  122 -1.5 -0.5  5.2  64.0E   0  72  23  22
1996  6 10 4ECD 20 41 43 20 42 44  122 -1.5 -0.5  5.3 156.3E   0  74  14  24
1996  6 11 5ECD 16 24 30 16 26 21  222 -1.7 -0.8  7.5 139.8W   0  75  24  25
1996  6 13 4ECD 14 23 35 14 24 37  124 -1.5 -0.5  5.4 111.3W   0  76  48  27
1996  6 16 5ECD  4 52 25  4 54 17  224 -1.7 -0.8  7.7  28.3E   1  79  80   0
1996  6 16 4ECD  8  5 29  8  6 31  124 -1.5 -0.5  5.5  19.5W   1  79  82   0
1996  6 19 4ECD  1 47 22  1 48 24  124 -1.5 -0.5  5.6  72.3E   1  81 114   3
1996  6 20 5ECD 17 20 22 17 22 15  226 -1.7 -0.8  7.8 162.3W   1  83 134   5
1996  6 21 4ECD 19 29 16 19 30 18  124 -1.5 -0.5  5.6 164.0E   1  84 146   6
1996  6 24 4ECD 13 11  9 13 12 11  124 -1.5 -0.6  5.7 103.8W   1  86 177   8
1996  6 25 5ECD  5 48 19  5 50 14  230 -1.7 -0.8  7.9   5.8W   1  87 171   9
1996  6 27 4ECD  6 53  3  6 54  5  124 -1.5 -0.6  5.7  11.5W   1  89 144   1
1996  6 29 5ECD 18 16 19 18 18 15  232 -1.7 -0.8  8.0 174.5E   1  91 109  14
1996  6 30 4ECD  0 34 56  0 35 59  126 -1.5 -0.6  5.7  79.8E   1  91 105  14
1996  7  2 4ECD 18 16 50 18 17 53  126 -1.5 -0.6  5.8 171.5E   1  94  64  17
1996  7  4 5ECD  6 44 20  6 46 18  236 -1.7 -0.8  8.0  16.5W   1  95  41  18
1996  7  5 4ECD 11 58 44 11 59 47  126 -1.5 -0.6  5.8  95.8W   1  96  23  19
1996  7  8 4ECD  5 40 39  5 41 42  126 -1.5 -0.6  5.8   4.0W   1  99  15  22
1996  7  8 5ECD 19 12 24 19 14 23  238 -1.7 -0.8  8.0 151.8E   1 100  22  23
1996  7 10 4ECD 23 22 34 23 23 37  126 -1.5 -0.6  5.7  87.3E   1 102  49  25
1996  7 13 5ECD  7 40 30  7 42 31  242 -1.6 -0.9  7.9  39.3W   1 104  78  27
1996  7 13 4ECD 17  4 29 17  5 33  128 -1.5 -0.6  5.7 179.0E   1 104  82  28
1996  7 16 4ECD 10 46 25 10 47 29  128 -1.5 -0.6  5.6  88.3W   1 107 115   1
1996  7 17 5ECD 20  8 39 20 10 41  244 -1.6 -0.9  7.8 129.0E   1 108 131   2
1996  7 19 4ECD  4 28 21  4 29 25  128 -1.5 -0.6  5.6   2.8W   1 109 147   4
1996  7 21 4ECD 22 10 18 22 11 22  128 -1.5 -0.6  5.5  94.8E   1 112 177   6
1996  7 22 5ECD  8 36 51  8 38 55  248 -1.6 -0.9  7.6  62.0W   1 112 173   7
1996  7 24 4ECD 15 52 16 15 53 20  128 -1.5 -0.6  5.4 173.3W   1 115 144   9
1996  7 26 5ECD 21  5  5 21  7 11  252 -1.6 -0.9  7.4 106.0E   1 117 113  11
1996  7 27 4ECD  9 34 13  9 35 18  130 -1.5 -0.6  5.3  81.3W   1 117 106  12
1996  7 30 4ECD  3 16 12  3 17 17  130 -1.4 -0.6  5.2  10.0W   1 120  65  14
1996  7 31 5ECD  9 33 24  9 35 32  256 -1.5 -0.8  7.1  85.3W   1 121  45  16
1996  8  1 4ECD 20 58 12 20 59 17  130 -1.4 -0.6  5.1 102.0E   1 123  23  17
1996  8  4 4ECD 14 40 13 14 41 18  130 -1.4 -0.6  5.0 166.0W   1 125  16  20
1996  8  4 5ECD 22  1 46 22  3 56  260 -1.5 -0.8  6.7  82.3E   1 126  20  20
1996  8  9 5ECD 10 30 13 10 32 25  264 -1.4 -0.8  6.3 108.8W   0 130  77  25
1996  8 13 5ECD 22 58 43 23  0 58  270 -1.4 -0.8  5.9  59.0E   0 135 130  29
1996  8 18 5ECD 11 27 19 11 29 36  274 -1.3 -0.8  5.4 132.3W   0 139 174   4

