From thuillot@iap.fr Mon Nov 15 15:20:17 1993
Subject: Saturnian phen. Table 5

TT                                                                 Dist.  Day of
Date                                   Flux Imp.  Dist Long. Lat.  from     the
of max.    Phen. begins   max.    dur. drop par.  Sat.             Sun Moon Moon
                 h  m  s  h  m  s    s       "      RS   deg  deg  deg deg
1995  1 13 2E3P  8 17 25  8 50  5 3755 0.185 0.054 1.9  96.3E -10  46   95  12
1995  3 24 2O3A  3  5 15  3  8 45  419 0.182 0.003 3.8 120.5E  -7  16   71  23
1995  4 17 2O3P 16 24 54 16 25 54  121 0.117 0.060 3.8 100.3W  -6  37  113  18
1995  4 22 3O4A  5 43 50  5 46 12  283 0.473 0.002 4.9  55.5E  -5  41   48  22
1995  4 22 2E1P 16 36 54 16 39 11  282 0.366 0.038 2.4 108.0W  -5  42   42  23
1995  4 27 3O5P 23  5 13 23  6 51  195 0.134 0.104 4.7 150.3E  -5  46   27  28
1995  4 30 3O1T  1 55 43  1 56 20   74 0.120 0.010 2.3 106.0E  -5  48   52   0
1995  5  4 1O2A  8 45 11  8 45 41   59 0.381 0.000 2.8   0.0W  -5  52  102   5
1995  5  4 5O3T 16 10 58 16 12 27  179 0.324 0.001 3.9 112.0W  -5  52  106   5
1995  5  7 2E1P 18 15 15 18 17 14  240 0.981 0.004 2.5 146.0W  -5  55  142   8
1995  5 11 3O2T 11 17  6 11 17 41   69 0.182 0.006 1.5  44.5W  -5  58  167  12
1995  5 11 4O5P 16 43  9 16 46 57  455 0.334 0.037 6.3 127.0W  -5  58  165  12
1995  5 13 3E2T  4 24 32  4 31  9  812 1.000 0.032 3.0  55.5E  -5  60  144  13
1995  5 20 4O5P  9 40 32  9 41 40  137 0.199 0.086 2.9  28.5W  -5  66   38  21
1995  5 20 4O2T 19 25 28 19 26 11   86 0.166 0.034 2.8 175.0W  -5  66   33  21
1995  5 21 2O4A 19 17 28 19 18 10   84 0.166 0.004 2.4 174.0W  -5  67   20  22
1995  5 22 5O4P  4 25 29  4 26 42  145 0.248 0.070 2.9  48.3E  -5  68   15  22
1995  5 22 2E1P 19 55 37 19 57 19  204 0.914 0.010 2.5 175.0E  -4  68    8  23
1995  5 23 4O2P 13 10 19 13 10 56   74 0.114 0.065 2.8  83.8W  -4  69    6  24
1995  5 30 5O4P 21 24 22 21 28 19  473 0.330 0.040 6.3 144.8E  -4  75   91   2
1995  6  5 1O2P  3 35 28  3 35 44   32 0.157 0.035 1.7  48.0E  -4  80  154   7
1995  6  6 2E1P 21 37 10 21 38 40  182 0.979 0.003 2.5 135.8E  -4  82  174   9
1995  6 14 2O1P  1 59 52  2  0 11   39 0.248 0.025 2.1  63.5E  -4  88   79  16
1995  6 18 3O2T 13  4  4 13  4 54  101 0.182 0.005 3.3 106.8W  -4  92   16  20
1995  6 21 2E1P 23 19 44 23 20 59  151 0.622 0.026 2.5  95.8E  -4  96   29  24
1995  6 27 5O3P  4 25 30  4 27 21  222 0.284 0.056 4.6  14.3E  -4 100   91  29
1995  6 28 1E2A  4 24 25  4 33  9 1250 0.584 0.010 2.2  11.8E  -4 101  103   0
1995  7  1 2O1T 22 32 38 22 33  6   56 0.381 0.006 2.8  98.0E  -4 105  148   4
1995  7 13 1E2P  5 31 42  5 34 33  359 0.179 0.042 2.5  18.3W  -4 116   54  15
1995  7 13 1O2P  7 45  0  7 54 39 1068 0.362 0.012 1.5  53.3W  -4 116   52  15
1995  7 14 4O3P  1 43 32  1 44 42  139 0.350 0.039 3.8  38.3E  -4 116   41  16
1995  7 18 3O2T 17 15 25 17 16 10   88 0.182 0.008 2.9 160.8E  -4 121   23  21
1995  7 22 3E2T  0  2 53  0  5 48  352 1.000 0.024 3.3  55.0E  -4 124   62  24
1995  7 28 4E3P  9 21 20  9 24 17  352 0.263 0.100 4.1  90.8W  -4 130  139   1
1995  7 29 2O3A  1  5 46  1  6 23   74 0.182 0.019 2.2  32.8E  -4 131  147   1
1995  8  2 3E1P  9 45 25  9 46 34  137 0.685 0.064 2.5 101.5W  -4 135  156   6
1995  8  4 3E1P  7  3 30  7  4 39  139 0.664 0.065 2.5  63.0W  -4 137  131   8
1995  8  6 3E1P  4 21 41  4 22 50  139 0.605 0.068 2.5  24.5W  -4 139  104  10
1995  8  6 5O4P 21 34 40 21 35 50  138 0.140 0.122 3.9  76.3E  -4 140   93  10
1995  8  8 3E1P  1 39 59  1 41  7  137 0.506 0.074 2.5  13.8E  -4 141   76  11
1995  8  9 3E1P 22 58 25 22 59 31  132 0.371 0.080 2.5  52.3E  -5 143   48  13
1995  8 10 4O2T 23  7 42 23  8 35  108 0.166 0.018 3.4  49.0E  -5 144   34  14
1995  8 11 3E1p 20 17  2 20 18  2  121 0.222 0.089 2.5  90.8E  -5 145   21  15
1995  8 11 2O4A 23  8 56 23  9 32   72 0.166 0.042 1.6  47.8E  -5 145   20  15
1995  8 12 1O2P  9  1 15  9  3 14  239 0.321 0.018 2.9 101.0W  -5 145   14  16
1995  8 13 4O2P 16 49 52 16 50 35   87 0.102 0.078 3.4 140.5E  -5 147    7  17
1995  8 16 2O1T  3 45 46  3 46 16   61 0.381 0.003 2.9  25.8W  -5 149   37  20
1995  8 20 1O4A 10 39 45 10 40 24   78 0.109 0.003 2.2 133.8W  -5 154   89  24
1995  8 22 1O2P  7 15 47  7 16 12   51 0.380 0.009 2.6  84.5W  -5 156  111  26
1995  8 23 4O5P 13 25 53 13 32 29  783 0.201 0.099 6.0 179.8E  -5 157  126  27
1995  8 25 3O2T  1 49  1  1 49 43   85 0.182 0.041 3.0   5.8W  -5 158  145  28
1995  8 25 5E3P 16 18 27 16 22  3  429 0.209 0.141 4.0 135.3E  -5 159  152  29
1995  8 28 2O1P 10 47 48 10 48 10   45 0.328 0.017 2.4 144.0W  -5 162  170   2
1995  8 28 3O1T 20 28 21 20 30 36  272 0.120 0.005 2.9  69.8E  -5 162  165   3
1995  9  1 3O5A 10 52 26 10 54 21  229 0.325 0.036 4.6 149.8W  -5 166  116   6
1995  9  3 3O4P  7 54 14  7 55 54  202 0.293 0.058 4.7 107.0W  -5 168   89   8
1995  9 14 3E2P 18  1 58 18  3 39  204 0.989 0.031 3.3  88.8E  -6 178   67  20
1995  9 21 4O3P  3 12 24  3 15 38  388 0.272 0.064 4.9  55.8W  -6 173  143  26
1995  9 24 3E5A  1 14 40  1 17 27  334 0.461 0.015 4.1  29.3W  -6 170  174  29
1995  9 24 2E1p 19 31 12 19 31 37   49 0.309 0.039 1.5  56.0E  -6 169  167   0
1995  9 27 2E1p 14 18 42 14 19  7   50 0.177 0.051 2.0 131.3E  -6 166  129   3
1995 10  3 2E1P  2 59  7  3  0 27  160 0.542 0.030 2.6  64.8W  -6 160   51   8
1995 10  4 2E3A 14  4 31 14  5 51  160 0.200 0.043 3.1 127.3E  -6 159   31  10
1995 10  5 5E1p  3 16 25  3 17  2   74 0.108 0.155 2.0  71.0W  -6 158   23  10
1995 10  9 3E2p  8  7 35  8  8 16   81 0.114 0.105 3.0 148.0W  -6 154   34  15
1995 10 14 1E4p  3 21 36  3 22 22   92 0.116 0.016 1.7  81.8W  -6 149   93  19
1995 10 19 3E7p  5 53  5  5 54 54  215 0.133 0.056 1.9 125.0W  -6 143  154  25
1995 10 22 3E4P 12 29 23 12 30 47  167 0.461 0.061 3.5 132.3E  -7 140  161  28
1995 10 24 3E2P 10 21  5 10 21 58  107 0.292 0.087 3.1 162.5E  -7 138  135   0
1995 10 25 4E5P 19 16 16 19 18 34  277 0.191 0.118 5.3  27.0E  -7 137  115   2
1995 10 25 6E1p 19 38 55 19 43 19  519 0.696 0.309 2.4  20.8E  -7 137  115   2
1995 10 30 3E5P  2 17 41  2 19 10  178 0.162 0.120 3.5  82.3W  -7 132   53   6
1995 11  1 5E4P 14 26 30 14 29 28  356 0.819 0.049 5.0  92.3E  -7 130   19   8
1995 11  2 3O4P 11 34 25 11 41 52  874 0.151 0.098 4.4 133.3E  -7 129    8   9
1995 11  2 3E2P 22 35 37 22 36 20   86 0.377 0.080 2.5  30.5W  -7 128    6  10
1995 11  3 4E3P 19 39 25 19 40 45  161 0.590 0.049 2.8  12.3E  -7 127   13  11
1995 11  5 5E3P 18 52 30 18 54  3  186 0.844 0.021 1.9  22.0E  -7 125   37  13
1995 11  7 3E1p  2  0 43  2  1 18   69 0.123 0.101 2.3  86.0W  -7 124   53  14
1995 11  8 3E1P 23 17 51 23 18 35   87 0.357 0.082 2.3  47.3W  -7 122   76  16
1995 11  9 6E2T 21 55 16 22  2 11  845 1.000 0.059 3.3  29.0W  -7 121   88  17
1995 11 10 6E1T  4 22 21  4 25 22  362 1.000 0.224 1.7 125.0W  -7 121   91  17
1995 11 10 6E1T 15 48 59 15 57 53 1103 1.000 0.095 1.8  61.0E  -7 120   97  17
1995 11 10 6E2P 19 14 58 19 18 38  438 0.938 0.260 2.4  10.8E  -7 120   98  18
1995 11 10 3E1P 20 35  2 20 35 51   99 0.649 0.063 2.2   8.5W  -7 120   99  18
1995 11 12 4E2P  1 24 48  1 26  6  156 0.465 0.079 3.2  82.3W  -7 119  113  19
1995 11 12 3E5P 11 17 49 11 19  5  152 0.173 0.114 1.8 129.0E  -7 118  118  19
1995 11 12 3E1P 17 52 13 17 53  6  106 0.868 0.046 2.2  30.3E  -7 118  121  20
1995 11 14 3E1P 15  9 26 15 10 21  110 0.988 0.030 2.2  69.0E  -7 116  143  21
1995 11 14 4E2P 19  7 56 19  9 28  184 0.884 0.044 3.2   9.0E  -7 116  145  22
1995 11 16 3E1T 12 26 38 12 27 34  112 1.000 0.015 2.2 107.8E  -7 114  166  23
1995 11 17 4E5p  1 40  3  1 41 23  160 0.117 0.144 2.6  91.0W  -7 114  172  24
1995 11 17 4E2T 12 51  9 12 52 47  197 1.000 0.009 3.2 100.5E  -7 113  175  24
1995 11 18 3E1T  9 43 51  9 44 47  111 1.000 0.001 2.2 146.5E  -7 112  167  25
1995 11 18 5E4P 20 24 18 20 25 58  200 0.607 0.070 3.1  14.0W  -7 112  162  26
1995 11 20 4E2P  6 34 26  6 36  4  197 0.995 0.025 3.2 167.8W  -7 111  143  27
1995 11 20 3E1T  7  1  4  7  1 59  110 1.000 0.012 2.2 174.3W  -7 110  142  27
1995 11 23 4E2P  0 17 46  0 19 18  183 0.749 0.058 3.2  76.3W  -7 108  103   0
1995 11 23 5E2p 11  3 18 11  4 19  122 0.453 0.104 2.1 121.8E  -7 107   96   1
1995 11 24 3E1P  1 35 28  1 36 19  104 0.955 0.035 2.1  96.8W  -7 107   87   1
1995 11 25 4E2P 18  1 12 18  2 28  153 0.302 0.091 3.2  15.0E  -7 105   62   3
1995 11 25 3E1P 22 52 39 22 53 29  100 0.869 0.045 2.1  57.8W  -7 105   59   3
1995 11 27 3E2p 13 11 35 13 12 14   78 0.384 0.080 1.9  85.8E  -7 103   36   5
1995 11 27 5E4P 14 37 32 14 43 18  680 0.409 0.112 5.0  62.8E  -7 103   35   5
1995 11 27 3E1P 20  9 49 20 10 37   95 0.762 0.054 2.1  19.0W  -7 103   32   5
1995 11 27 5E2T 20 16  6 20 21  0  620 1.000 0.042 3.1  21.5W  -7 103   32   5
1995 11 29 3E1P 17 27  0 17 27 45   91 0.650 0.062 2.1  19.8E  -7 101    8   7
1995 12  1 3E1P 14 44  9 14 44 52   87 0.546 0.069 2.0  58.5E  -7  99   20   9
1995 12  3 3E1P 12  1 18 12  1 59   82 0.451 0.076 2.0  97.5E  -7  97   43  11
1995 12  4 4E5A  8 55 23  8 59 58  551 0.525 0.013 4.8 142.3E  -7  96   54  12
1995 12  5 3E1p  9 18 25  9 19  4   78 0.368 0.081 2.0 136.3E  -7  95   66  13
1995 12  7 3E1p  6 35 32  6 36 10   74 0.304 0.086 2.0 175.3E  -7  94   89  15
1995 12  9 3E1p  3 52 39  3 53 14   71 0.254 0.090 2.0 145.5W  -7  92  111  17
1995 12 11 3E1p  1  9 44  1 10 18   67 0.216 0.094 1.9 106.5W  -7  90  133  18
1995 12 11 5E4P  3 40 38  3 43 35  354 0.305 0.127 5.3 145.0W  -7  90  134  18
1995 12 12 3E1p 22 26 49 22 27 21   65 0.187 0.097 1.9  67.8W  -7  88  155  20
1995 12 14 3E1p 19 43 53 19 44 24   62 0.167 0.099 1.9  28.8W  -7  86  175  22
1995 12 16 5E1P  1  1  9  1  2 20  143 0.963 0.049 2.2 109.5W  -7  85  165  23
1995 12 16 3E1p 17  0 56 17  1 26   61 0.153 0.100 1.9  10.0E  -7  84  156  24
1995 12 18 3E1p 14 17 58 14 18 28   59 0.143 0.102 1.9  49.0E  -6  82  131  26
1995 12 20 3E1p 11 34 59 11 35 28   58 0.138 0.102 1.9  88.0E  -6  81  104  28
1995 12 22 3E1p  8 52  0  8 52 29   58 0.137 0.103 1.8 126.8E  -6  79   75   0
1995 12 23 1O2P 15 47  0 15 48  7  133 0.277 0.021 3.1  21.8E  -6  78   56   2
1995 12 24 3E1p  6  9  0  6  9 28   58 0.138 0.103 1.8 165.8E  -6  77   47   2
1995 12 25 4E1P 10 24 51 10 25 39   96 0.998 0.018 1.8 100.8E  -6  76   30   3
1995 12 26 3E1p  3 25 59  3 26 28   58 0.142 0.102 1.8 155.0W  -6  75   20   4
1995 12 28 3E1p  0 42 58  0 43 27   58 0.148 0.102 1.8 116.0W  -6  73    9   6
1995 12 29 5E3P  9 45 12  9 53  7  969 0.913 0.041 3.7 105.3E  -6  72   25   7
1995 12 29 3E1p 21 59 55 22  0 24   58 0.156 0.101 1.8  77.0W  -6  72   32   8
1995 12 30 2E3A 20 54 38 20 55 26   96 0.172 0.039 2.3  61.5W  -6  71   44   9
1995 12 31 3E1p 19 16 53 19 17 22   59 0.165 0.100 1.7  38.0W  -6  70   55  10
1996  1  2 3E1p 16 33 50 16 34 19   59 0.176 0.099 1.7   1.0E  -6  68   77  12
1996  1  4 3E1p 13 50 46 13 51 16   60 0.187 0.098 1.7  40.0E  -6  66  100  13
1996  1  4 3E2P 15  5 47 15  6 31   89 0.378 0.080 2.3  21.0E  -6  66  100  14
1996  1  6 3E1p 11  7 41 11  8 12   61 0.198 0.097 1.7  79.0E  -6  64  122  15
1996  1  6 3E4P 14 20 45 14 22 11  172 0.545 0.047 2.9  30.3E  -6  64  123  15
1996  1  8 3E1p  8 24 37  8 25  7   61 0.208 0.096 1.7 118.0E  -6  63  144  17
1996  1  8 4O3P 14 32 13 14 36 15  483 0.404 0.022 4.9  25.0E  -6  62  147  18
1996  1  9 2E1A 12  8 26 12  8 53   54 0.557 0.014 1.7  61.0E  -6  62  157  18
1996  1 10 3E1p  5 41 31  5 42  2   61 0.217 0.095 1.7 157.0E  -6  61  166  19
1996  1 12 3E1p  2 58 26  2 58 56   61 0.224 0.094 1.6 163.8W  -6  59  169  21
1996  1 13 4E3P  8 29  5  8 30 52  214 0.148 0.120 4.1 112.0E  -6  58  154  22
1996  1 14 3E1p  0 15 19  0 15 50   61 0.229 0.094 1.6 124.5W  -6  57  145  23
1996  1 15 1E2A 15 47 40 15 48  8   56 0.329 0.018 1.5   0.5E  -6  56  123  25
1996  1 15 3E1p 21 32 13 21 32 43   61 0.231 0.094 1.6  85.5W  -6  56  120  25
1996  1 17 3E1p 18 49  6 18 49 36   61 0.229 0.094 1.6  46.5W  -6  54   93  27
1996  1 19 3E1p 16  5 58 16  6 28   60 0.223 0.095 1.6   7.5W  -6  52   65  29
1996  1 20 3O4A 22 28  2 22 30 54  344 0.473 0.002 4.9 104.8W  -5  51   46   0
1996  1 21 2E1P 19 12 14 19 12 45   61 0.652 0.014 2.1  56.0W  -5  50   33   1
1996  1 23 3E1p 10 39 42 10 40 11   58 0.197 0.097 1.5  70.5E  -5  49   10   3
1996  1 25 1E2A  4 22 30  4 23 20  100 0.494 0.013 2.3 163.3E  -5  47   16   5
1996  1 25 3E1p  7 56 33  7 57  1   56 0.177 0.100 1.5 109.8E  -5  47   18   5
1996  1 25 3E4A 15 52 19 15 55 15  353 0.783 0.012 3.9  10.0W  -5  47   22   5
1996  1 27 3E1p  5 13 25  5 13 52   54 0.153 0.102 1.5 148.8E  -5  45   42   7
1996  1 29 3E2T  5 31 37  5 32 49  143 1.000 0.005 2.9 142.3E  -5  43   67   9
1996  2  4 5O3P  6 33  3  6 34 28  170 0.208 0.077 4.1 121.5E  -5  38  137  15
1996  2  6 4O5P 17 50 14 17 52 51  315 0.249 0.067 6.2  50.3W  -5  36  167  17
1996  2  6 4E3P 23 43 58 23 47 26  417 0.363 0.085 4.0 139.0W  -5  35  170  17
1996  2  9 3O4P  0 21 58  0 23 13  150 0.461 0.008 4.0 149.8W  -5  33  164  19
1996  2 10 4O2T  5 39 11  5 48 59 1262 0.166 0.024 2.2 127.5E  -5  32  148  21
1996  2 10 4O2T  7 47 28  7 57 18 1093 0.166 0.026 3.3  95.3E  -5  32  147  21
1996  2 11 1O4A 16 14 37 16 15 36  118 0.109 0.012 3.0  30.3W  -5  31  130  22
1996  2 12 4O2T 12 48 34 12 50 31  234 0.166 0.008 4.0  20.0E  -5  30  118  23
1996  2 12 4O1T 14 35 17 14 37 17  238 0.109 0.039 3.1   6.5W  -5  30  117  23
1996  2 13 4O2T 23 55 51  0 11 29 5680 0.166 0.031 2.5 150.3W  -4  30  112  23
1996  2 15 2O3A 17 58 14 17 58 51   74 0.182 0.035 2.5  59.5W  -4  27   73  26
1996  2 18 2E3P  1 46 58  1 48  8  140 0.129 0.068 3.3 179.0W  -4  25   38  29
1996  2 20 4O1T 22  1 51 22  2 27   71 0.109 0.008 1.9 125.0W  -4  23    5   2
1996  2 22 2O1P 14  5 28 14  5 46   35 0.134 0.036 2.2   7.3W  -4  21   26   4
1996  2 23 2O1P 17 37 32 17 37 47   31 0.148 0.034 1.7  61.3W  -4  20   41   5
1996  2 25 1O3A  4 53  3  4 53 37   68 0.120 0.043 2.3 128.3E  -4  19   59   6
1996  2 28 3O2T  9 47  0  9 47 51  102 0.182 0.002 3.3  51.8E  -4  16   97   9
1996  3  4 2O3P  3 54 49  3 55 49  120 0.182 0.037 3.7 135.8E  -4  12  153  14
1996  3  4 3O1T 22 41 57 22 42 26   58 0.120 0.032 1.5 146.5W  -3  11  163  15
1996  3  8 3O2T 21 46 21 21 47 52  181 0.182 0.002 3.9 136.3W  -3   8  146  19
1996  3 28 2E3A 17 46 42 17 48 57  271 0.224 0.032 3.3  93.8W  -2  10  117   9
1996  5 13 2E1P 12  5  6 12  6 35  178 0.505 0.032 2.5  48.5W  -0  49    3  26
1996  5 28 2E1P 13 46 54 13 48 46  222 0.933 0.009 2.5  87.8W   0  62  173  11
1996  6 12 2E1P 15 26 32 15 28 36  247 0.746 0.021 2.4 126.5W   0  76   37  26
1996  6 15 1E3A 22 35  0 22 37 46  327 0.132 0.045 2.1 122.8E   1  79   77  29
1996  6 27 2E1P 17  1 40 17  4 38  353 0.953 0.009 2.3 164.8W   1  89  138  12
1996  7 12 2E1P 18 29 11 18 33 12  475 0.976 0.007 2.2 158.3E   1 103   71  27
1996  9  1 1O2A 21 42 17 21 53 15 1204 0.381 0.003 1.5  56.5E   0 154   30  19

