
 epimetheus eclipse reappearances.

     JD        Date       UTC

2450042.954  1995 11 21  10:54
2450043.649  1995 11 22   3:33
2450044.343  1995 11 22  20:13
2450045.037  1995 11 23  12:53
2450045.732  1995 11 24   5:33
2450046.426  1995 11 24  22:13
2450047.120  1995 11 25  14:53
2450047.815  1995 11 26   7:33
2450048.509  1995 11 27   0:13
2450049.204  1995 11 27  16:53
2450049.898  1995 11 28   9:33
2450050.592  1995 11 29   2:12
2450051.287  1995 11 29  18:52
2450051.981  1995 11 30  11:32
2450052.675  1995 12  1   4:12
2450053.370  1995 12  1  20:52
2450054.064  1995 12  2  13:32
2450054.759  1995 12  3   6:12
2450055.453  1995 12  3  22:52
2450056.147  1995 12  4  15:32
2450056.842  1995 12  5   8:12
2450057.536  1995 12  6   0:52
2450058.231  1995 12  6  17:31
2450058.925  1995 12  7  10:11
2450059.619  1995 12  8   2:51
2450060.314  1995 12  8  19:31
2450061.008  1995 12  9  12:11
2450061.702  1995 12 10   4:51
2450062.397  1995 12 10  21:31
2450063.091  1995 12 11  14:11
2450063.786  1995 12 12   6:51
2450064.480  1995 12 12  23:31
2450065.174  1995 12 13  16:10
2450065.869  1995 12 14   8:50
2450066.563  1995 12 15   1:30
2450067.257  1995 12 15  18:10
2450067.952  1995 12 16  10:50
2450068.646  1995 12 17   3:30
2450069.341  1995 12 17  20:10
2450070.035  1995 12 18  12:50
2450070.729  1995 12 19   5:30
2450071.424  1995 12 19  22:10
2450072.118  1995 12 20  14:50
2450072.812  1995 12 21   7:29
2450073.507  1995 12 22   0: 9
2450074.201  1995 12 22  16:49
2450074.896  1995 12 23   9:29
2450075.590  1995 12 24   2: 9
2450076.284  1995 12 24  18:49
2450076.979  1995 12 25  11:29
2450077.673  1995 12 26   4: 9
2450078.367  1995 12 26  20:49
2450079.062  1995 12 27  13:29
2450079.756  1995 12 28   6: 8
2450080.451  1995 12 28  22:48
2450081.145  1995 12 29  15:28
2450081.839  1995 12 30   8: 8
2450082.534  1995 12 31   0:48
2450083.228  1995 12 31  17:28
2450083.922  1996  1  1  10: 8
2450084.617  1996  1  2   2:48
2450085.311  1996  1  2  19:28
2450086.006  1996  1  3  12: 8
2450086.700  1996  1  4   4:48
2450087.394  1996  1  4  21:27
2450088.089  1996  1  5  14: 7
2450088.783  1996  1  6   6:47
2450089.478  1996  1  6  23:27
2450090.172  1996  1  7  16: 7
2450090.866  1996  1  8   8:47
2450091.561  1996  1  9   1:27
2450092.255  1996  1  9  18: 7
2450092.949  1996  1 10  10:47
2450093.644  1996  1 11   3:27
2450094.338  1996  1 11  20: 6
2450095.033  1996  1 12  12:46
2450095.727  1996  1 13   5:26
2450096.421  1996  1 13  22: 6
2450097.116  1996  1 14  14:46
2450097.810  1996  1 15   7:26
2450098.504  1996  1 16   0: 6
2450099.199  1996  1 16  16:46
2450099.893  1996  1 17   9:26
2450100.588  1996  1 18   2: 6
2450101.282  1996  1 18  18:46
2450101.976  1996  1 19  11:25
2450102.671  1996  1 20   4: 5
2450103.365  1996  1 20  20:45
2450104.059  1996  1 21  13:25
2450104.754  1996  1 22   6: 5
2450105.448  1996  1 22  22:45
2450106.143  1996  1 23  15:25
2450106.837  1996  1 24   8: 5
2450107.531  1996  1 25   0:45
2450108.226  1996  1 25  17:25
2450108.920  1996  1 26  10: 4
2450109.614  1996  1 27   2:44
2450110.309  1996  1 27  19:24
2450111.003  1996  1 28  12: 4
2450111.698  1996  1 29   4:44
2450112.392  1996  1 29  21:24
2450113.086  1996  1 30  14: 4
2450113.781  1996  1 31   6:44
2450114.475  1996  1 31  23:24
2450115.170  1996  2  1  16: 4
2450115.864  1996  2  2   8:43
2450116.558  1996  2  3   1:23
2450117.253  1996  2  3  18: 3
2450117.947  1996  2  4  10:43
2450118.641  1996  2  5   3:23
2450119.336  1996  2  5  20: 3
2450120.030  1996  2  6  12:43
2450120.725  1996  2  7   5:23
2450121.419  1996  2  7  22: 3
2450122.113  1996  2  8  14:43
2450122.808  1996  2  9   7:23
2450123.502  1996  2 10   0: 2
2450124.196  1996  2 10  16:42
2450124.891  1996  2 11   9:22
