
      janus eclipse reappearances.

     JD        Date       UTC

2450042.579  1995 11 21   1:54
2450043.274  1995 11 21  18:34
2450043.969  1995 11 22  11:14
2450044.663  1995 11 23   3:55
2450045.358  1995 11 23  20:35
2450046.053  1995 11 24  13:15
2450046.747  1995 11 25   5:56
2450047.442  1995 11 25  22:36
2450048.137  1995 11 26  15:17
2450048.832  1995 11 27   7:57
2450049.526  1995 11 28   0:37
2450050.221  1995 11 28  17:18
2450050.916  1995 11 29   9:58
2450051.610  1995 11 30   2:38
2450052.305  1995 11 30  19:19
2450053.000  1995 12  1  11:59
2450053.694  1995 12  2   4:40
2450054.389  1995 12  2  21:20
2450055.084  1995 12  3  14: 0
2450055.779  1995 12  4   6:41
2450056.473  1995 12  4  23:21
2450057.168  1995 12  5  16: 1
2450057.863  1995 12  6   8:42
2450058.557  1995 12  7   1:22
2450059.252  1995 12  7  18: 3
2450059.947  1995 12  8  10:43
2450060.642  1995 12  9   3:23
2450061.336  1995 12  9  20: 4
2450062.031  1995 12 10  12:44
2450062.726  1995 12 11   5:24
2450063.420  1995 12 11  22: 5
2450064.115  1995 12 12  14:45
2450064.810  1995 12 13   7:26
2450065.504  1995 12 14   0: 6
2450066.199  1995 12 14  16:46
2450066.894  1995 12 15   9:27
2450067.589  1995 12 16   2: 7
2450068.283  1995 12 16  18:47
2450068.978  1995 12 17  11:28
2450069.673  1995 12 18   4: 8
2450070.367  1995 12 18  20:49
2450071.062  1995 12 19  13:29
2450071.757  1995 12 20   6: 9
2450072.452  1995 12 20  22:50
2450073.146  1995 12 21  15:30
2450073.841  1995 12 22   8:10
2450074.536  1995 12 23   0:51
2450075.230  1995 12 23  17:31
2450075.925  1995 12 24  10:12
2450076.620  1995 12 25   2:52
2450077.314  1995 12 25  19:32
2450078.009  1995 12 26  12:13
2450078.704  1995 12 27   4:53
2450079.399  1995 12 27  21:33
2450080.093  1995 12 28  14:14
2450080.788  1995 12 29   6:54
2450081.483  1995 12 29  23:35
2450082.177  1995 12 30  16:15
2450082.872  1995 12 31   8:55
2450083.567  1996  1  1   1:36
2450084.262  1996  1  1  18:16
2450084.956  1996  1  2  10:56
2450085.651  1996  1  3   3:37
2450086.346  1996  1  3  20:17
2450087.040  1996  1  4  12:58
2450087.735  1996  1  5   5:38
2450088.430  1996  1  5  22:18
2450089.124  1996  1  6  14:59
2450089.819  1996  1  7   7:39
2450090.514  1996  1  8   0:19
2450091.209  1996  1  8  17: 0
2450091.903  1996  1  9   9:40
2450092.598  1996  1 10   2:21
2450093.293  1996  1 10  19: 1
2450093.987  1996  1 11  11:41
2450094.682  1996  1 12   4:22
2450095.377  1996  1 12  21: 2
2450096.072  1996  1 13  13:42
2450096.766  1996  1 14   6:23
2450097.461  1996  1 14  23: 3
2450098.156  1996  1 15  15:44
2450098.850  1996  1 16   8:24
2450099.545  1996  1 17   1: 4
2450100.240  1996  1 17  17:45
2450100.934  1996  1 18  10:25
2450101.629  1996  1 19   3: 5
2450102.324  1996  1 19  19:46
2450103.019  1996  1 20  12:26
2450103.713  1996  1 21   5: 7
2450104.408  1996  1 21  21:47
2450105.103  1996  1 22  14:27
2450105.797  1996  1 23   7: 8
2450106.492  1996  1 23  23:48
2450107.187  1996  1 24  16:28
2450107.882  1996  1 25   9: 9
2450108.576  1996  1 26   1:49
2450109.271  1996  1 26  18:30
2450109.966  1996  1 27  11:10
2450110.660  1996  1 28   3:50
2450111.355  1996  1 28  20:31
2450112.050  1996  1 29  13:11
2450112.744  1996  1 30   5:52
2450113.439  1996  1 30  22:32
2450114.134  1996  1 31  15:12
2450114.829  1996  2  1   7:53
2450115.523  1996  2  2   0:33
2450116.218  1996  2  2  17:13
2450116.913  1996  2  3   9:54
2450117.607  1996  2  4   2:34
2450118.302  1996  2  4  19:15
2450118.997  1996  2  5  11:55
2450119.692  1996  2  6   4:35
2450120.386  1996  2  6  21:16
2450121.081  1996  2  7  13:56
2450121.776  1996  2  8   6:36
2450122.470  1996  2  8  23:17
2450123.165  1996  2  9  15:57
2450123.860  1996  2 10   8:38
2450124.554  1996  2 11   1:18
2450125.249  1996  2 11  17:58
