
    pandora eclipse reappearances.

     JD        Date       UTC

2450042.767  1995 11 21   6:24
2450043.396  1995 11 21  21:29
2450044.024  1995 11 22  12:34
2450044.653  1995 11 23   3:39
2450045.281  1995 11 23  18:44
2450045.910  1995 11 24   9:49
2450046.538  1995 11 25   0:55
2450047.167  1995 11 25  16: 0
2450047.795  1995 11 26   7: 5
2450048.424  1995 11 26  22:10
2450049.052  1995 11 27  13:15
2450049.681  1995 11 28   4:20
2450050.309  1995 11 28  19:25
2450050.938  1995 11 29  10:30
2450051.567  1995 11 30   1:35
2450052.195  1995 11 30  16:40
2450052.824  1995 12  1   7:46
2450053.452  1995 12  1  22:51
2450054.081  1995 12  2  13:56
2450054.709  1995 12  3   5: 1
2450055.338  1995 12  3  20: 6
2450055.966  1995 12  4  11:11
2450056.595  1995 12  5   2:16
2450057.223  1995 12  5  17:21
2450057.852  1995 12  6   8:26
2450058.481  1995 12  6  23:31
2450059.109  1995 12  7  14:37
2450059.738  1995 12  8   5:42
2450060.366  1995 12  8  20:47
2450060.995  1995 12  9  11:52
2450061.623  1995 12 10   2:57
2450062.252  1995 12 10  18: 2
2450062.880  1995 12 11   9: 7
2450063.509  1995 12 12   0:12
2450064.137  1995 12 12  15:17
2450064.766  1995 12 13   6:22
2450065.394  1995 12 13  21:28
2450066.023  1995 12 14  12:33
2450066.652  1995 12 15   3:38
2450067.280  1995 12 15  18:43
2450067.909  1995 12 16   9:48
2450068.537  1995 12 17   0:53
2450069.166  1995 12 17  15:58
2450069.794  1995 12 18   7: 3
2450070.423  1995 12 18  22: 8
2450071.051  1995 12 19  13:13
2450071.680  1995 12 20   4:18
2450072.308  1995 12 20  19:24
2450072.937  1995 12 21  10:29
2450073.565  1995 12 22   1:34
2450074.194  1995 12 22  16:39
2450074.823  1995 12 23   7:44
2450075.451  1995 12 23  22:49
2450076.080  1995 12 24  13:54
2450076.708  1995 12 25   4:59
2450077.337  1995 12 25  20: 4
2450077.965  1995 12 26  11: 9
2450078.594  1995 12 27   2:15
2450079.222  1995 12 27  17:20
2450079.851  1995 12 28   8:25
2450080.479  1995 12 28  23:30
2450081.108  1995 12 29  14:35
2450081.737  1995 12 30   5:40
2450082.365  1995 12 30  20:45
2450082.994  1995 12 31  11:50
2450083.622  1996  1  1   2:55
2450084.251  1996  1  1  18: 0
2450084.879  1996  1  2   9: 6
2450085.508  1996  1  3   0:11
2450086.136  1996  1  3  15:16
2450086.765  1996  1  4   6:21
2450087.393  1996  1  4  21:26
2450088.022  1996  1  5  12:31
2450088.650  1996  1  6   3:36
2450089.279  1996  1  6  18:41
2450089.908  1996  1  7   9:46
2450090.536  1996  1  8   0:51
2450091.165  1996  1  8  15:57
2450091.793  1996  1  9   7: 2
2450092.422  1996  1  9  22: 7
2450093.050  1996  1 10  13:12
2450093.679  1996  1 11   4:17
2450094.307  1996  1 11  19:22
2450094.936  1996  1 12  10:27
2450095.564  1996  1 13   1:32
2450096.193  1996  1 13  16:37
2450096.821  1996  1 14   7:42
2450097.450  1996  1 14  22:48
2450098.079  1996  1 15  13:53
2450098.707  1996  1 16   4:58
2450099.336  1996  1 16  20: 3
2450099.964  1996  1 17  11: 8
2450100.593  1996  1 18   2:13
2450101.221  1996  1 18  17:18
2450101.850  1996  1 19   8:23
2450102.478  1996  1 19  23:28
2450103.107  1996  1 20  14:33
2450103.735  1996  1 21   5:39
2450104.364  1996  1 21  20:44
2450104.993  1996  1 22  11:49
2450105.621  1996  1 23   2:54
2450106.250  1996  1 23  17:59
2450106.878  1996  1 24   9: 4
2450107.507  1996  1 25   0: 9
2450108.135  1996  1 25  15:14
2450108.764  1996  1 26   6:19
2450109.392  1996  1 26  21:24
2450110.021  1996  1 27  12:29
2450110.649  1996  1 28   3:35
2450111.278  1996  1 28  18:40
2450111.906  1996  1 29   9:45
2450112.535  1996  1 30   0:50
2450113.164  1996  1 30  15:55
2450113.792  1996  1 31   7: 0
2450114.421  1996  1 31  22: 5
2450115.049  1996  2  1  13:10
2450115.678  1996  2  2   4:15
2450116.306  1996  2  2  19:20
2450116.935  1996  2  3  10:26
2450117.563  1996  2  4   1:31
2450118.192  1996  2  4  16:36
2450118.820  1996  2  5   7:41
2450119.449  1996  2  5  22:46
2450120.077  1996  2  6  13:51
2450120.706  1996  2  7   4:56
2450121.335  1996  2  7  20: 1
2450121.963  1996  2  8  11: 6
2450122.592  1996  2  9   2:11
2450123.220  1996  2  9  17:17
2450123.849  1996  2 10   8:22
2450124.477  1996  2 10  23:27
2450125.106  1996  2 11  14:32
