
 prometheus eclipse reappearances.

     JD        Date       UTC

2450042.882  1995 11 21   9:10
2450043.495  1995 11 21  23:52
2450044.108  1995 11 22  14:35
2450044.721  1995 11 23   5:18
2450045.334  1995 11 23  20: 1
2450045.947  1995 11 24  10:43
2450046.560  1995 11 25   1:26
2450047.173  1995 11 25  16: 9
2450047.786  1995 11 26   6:52
2450048.399  1995 11 26  21:34
2450049.012  1995 11 27  12:17
2450049.625  1995 11 28   3: 0
2450050.238  1995 11 28  17:43
2450050.851  1995 11 29   8:25
2450051.464  1995 11 29  23: 8
2450052.077  1995 11 30  13:51
2450052.690  1995 12  1   4:34
2450053.303  1995 12  1  19:16
2450053.916  1995 12  2   9:59
2450054.529  1995 12  3   0:42
2450055.143  1995 12  3  15:25
2450055.756  1995 12  4   6: 7
2450056.369  1995 12  4  20:50
2450056.982  1995 12  5  11:33
2450057.595  1995 12  6   2:16
2450058.208  1995 12  6  16:58
2450058.821  1995 12  7   7:41
2450059.434  1995 12  7  22:24
2450060.047  1995 12  8  13: 7
2450060.660  1995 12  9   3:49
2450061.273  1995 12  9  18:32
2450061.886  1995 12 10   9:15
2450062.499  1995 12 10  23:58
2450063.112  1995 12 11  14:40
2450063.725  1995 12 12   5:23
2450064.338  1995 12 12  20: 6
2450064.951  1995 12 13  10:49
2450065.564  1995 12 14   1:31
2450066.177  1995 12 14  16:14
2450066.790  1995 12 15   6:57
2450067.403  1995 12 15  21:40
2450068.016  1995 12 16  12:22
2450068.629  1995 12 17   3: 5
2450069.242  1995 12 17  17:48
2450069.855  1995 12 18   8:31
2450070.468  1995 12 18  23:13
2450071.081  1995 12 19  13:56
2450071.694  1995 12 20   4:39
2450072.307  1995 12 20  19:22
2450072.920  1995 12 21  10: 4
2450073.533  1995 12 22   0:47
2450074.146  1995 12 22  15:30
2450074.759  1995 12 23   6:13
2450075.372  1995 12 23  20:55
2450075.985  1995 12 24  11:38
2450076.598  1995 12 25   2:21
2450077.211  1995 12 25  17: 4
2450077.824  1995 12 26   7:46
2450078.437  1995 12 26  22:29
2450079.050  1995 12 27  13:12
2450079.663  1995 12 28   3:55
2450080.276  1995 12 28  18:37
2450080.889  1995 12 29   9:20
2450081.502  1995 12 30   0: 3
2450082.115  1995 12 30  14:46
2450082.728  1995 12 31   5:28
2450083.341  1995 12 31  20:11
2450083.954  1996  1  1  10:54
2450084.568  1996  1  2   1:37
2450085.181  1996  1  2  16:19
2450085.794  1996  1  3   7: 2
2450086.407  1996  1  3  21:45
2450087.020  1996  1  4  12:28
2450087.633  1996  1  5   3:10
2450088.246  1996  1  5  17:53
2450088.859  1996  1  6   8:36
2450089.472  1996  1  6  23:19
2450090.085  1996  1  7  14: 1
2450090.698  1996  1  8   4:44
2450091.311  1996  1  8  19:27
2450091.924  1996  1  9  10:10
2450092.537  1996  1 10   0:52
2450093.150  1996  1 10  15:35
2450093.763  1996  1 11   6:18
2450094.376  1996  1 11  21: 1
2450094.989  1996  1 12  11:43
2450095.602  1996  1 13   2:26
2450096.215  1996  1 13  17: 9
2450096.828  1996  1 14   7:52
2450097.441  1996  1 14  22:34
2450098.054  1996  1 15  13:17
2450098.667  1996  1 16   4: 0
2450099.280  1996  1 16  18:43
2450099.893  1996  1 17   9:25
2450100.506  1996  1 18   0: 8
2450101.119  1996  1 18  14:51
2450101.732  1996  1 19   5:34
2450102.345  1996  1 19  20:16
2450102.958  1996  1 20  10:59
2450103.571  1996  1 21   1:42
2450104.184  1996  1 21  16:25
2450104.797  1996  1 22   7: 7
2450105.410  1996  1 22  21:50
2450106.023  1996  1 23  12:33
2450106.636  1996  1 24   3:16
2450107.249  1996  1 24  17:58
2450107.862  1996  1 25   8:41
2450108.475  1996  1 25  23:24
2450109.088  1996  1 26  14: 7
2450109.701  1996  1 27   4:49
2450110.314  1996  1 27  19:32
2450110.927  1996  1 28  10:15
2450111.540  1996  1 29   0:58
2450112.153  1996  1 29  15:40
2450112.766  1996  1 30   6:23
2450113.379  1996  1 30  21: 6
2450113.993  1996  1 31  11:49
2450114.606  1996  2  1   2:31
2450115.219  1996  2  1  17:14
2450115.832  1996  2  2   7:57
2450116.445  1996  2  2  22:40
2450117.058  1996  2  3  13:22
2450117.671  1996  2  4   4: 5
2450118.284  1996  2  4  18:48
2450118.897  1996  2  5   9:31
2450119.510  1996  2  6   0:13
2450120.123  1996  2  6  14:56
2450120.736  1996  2  7   5:39
2450121.349  1996  2  7  20:22
2450121.962  1996  2  8  11: 4
2450122.575  1996  2  9   1:47
2450123.188  1996  2  9  16:30
2450123.801  1996  2 10   7:13
2450124.414  1996  2 10  21:55
2450125.027  1996  2 11  12:38
