      atlas eclipse reappearances.

     JD        Date       UTC

2450043.098  1995 11 21  14:21
2450043.700  1995 11 22   4:47
2450044.301  1995 11 22  19:14
2450044.903  1995 11 23   9:40
2450045.505  1995 11 24   0: 7
2450046.107  1995 11 24  14:33
2450046.708  1995 11 25   5: 0
2450047.310  1995 11 25  19:26
2450047.912  1995 11 26   9:53
2450048.514  1995 11 27   0:19
2450049.115  1995 11 27  14:46
2450049.717  1995 11 28   5:12
2450050.319  1995 11 28  19:39
2450050.921  1995 11 29  10: 5
2450051.522  1995 11 30   0:32
2450052.124  1995 11 30  14:58
2450052.726  1995 12  1   5:25
2450053.327  1995 12  1  19:51
2450053.929  1995 12  2  10:18
2450054.531  1995 12  3   0:44
2450055.133  1995 12  3  15:11
2450055.734  1995 12  4   5:37
2450056.336  1995 12  4  20: 4
2450056.938  1995 12  5  10:30
2450057.540  1995 12  6   0:56
2450058.141  1995 12  6  15:23
2450058.743  1995 12  7   5:49
2450059.345  1995 12  7  20:16
2450059.947  1995 12  8  10:42
2450060.548  1995 12  9   1: 9
2450061.150  1995 12  9  15:35
2450061.752  1995 12 10   6: 2
2450062.353  1995 12 10  20:28
2450062.955  1995 12 11  10:55
2450063.557  1995 12 12   1:21
2450064.159  1995 12 12  15:48
2450064.760  1995 12 13   6:14
2450065.362  1995 12 13  20:41
2450065.964  1995 12 14  11: 7
2450066.566  1995 12 15   1:34
2450067.167  1995 12 15  16: 0
2450067.769  1995 12 16   6:27
2450068.371  1995 12 16  20:53
2450068.972  1995 12 17  11:20
2450069.574  1995 12 18   1:46
2450070.176  1995 12 18  16:13
2450070.778  1995 12 19   6:39
2450071.379  1995 12 19  21: 6
2450071.981  1995 12 20  11:32
2450072.583  1995 12 21   1:59
2450073.185  1995 12 21  16:25
2450073.786  1995 12 22   6:52
2450074.388  1995 12 22  21:18
2450074.990  1995 12 23  11:45
2450075.592  1995 12 24   2:11
2450076.193  1995 12 24  16:38
2450076.795  1995 12 25   7: 4
2450077.397  1995 12 25  21:31
2450077.998  1995 12 26  11:57
2450078.600  1995 12 27   2:24
2450079.202  1995 12 27  16:50
2450079.804  1995 12 28   7:17
2450080.405  1995 12 28  21:43
2450081.007  1995 12 29  12:10
2450081.609  1995 12 30   2:36
2450082.211  1995 12 30  17: 3
2450082.812  1995 12 31   7:29
2450083.414  1995 12 31  21:56
2450084.016  1996  1  1  12:22
2450084.618  1996  1  2   2:49
2450085.219  1996  1  2  17:15
2450085.821  1996  1  3   7:42
2450086.423  1996  1  3  22: 8
2450087.024  1996  1  4  12:35
2450087.626  1996  1  5   3: 1
2450088.228  1996  1  5  17:28
2450088.830  1996  1  6   7:54
2450089.431  1996  1  6  22:21
2450090.033  1996  1  7  12:47
2450090.635  1996  1  8   3:14
2450091.237  1996  1  8  17:40
2450091.838  1996  1  9   8: 7
2450092.440  1996  1  9  22:33
2450093.042  1996  1 10  13: 0
2450093.644  1996  1 11   3:26
2450094.245  1996  1 11  17:53
2450094.847  1996  1 12   8:19
2450095.449  1996  1 12  22:46
2450096.050  1996  1 13  13:12
2450096.652  1996  1 14   3:39
2450097.254  1996  1 14  18: 5
2450097.856  1996  1 15   8:32
2450098.457  1996  1 15  22:58
2450099.059  1996  1 16  13:25
2450099.661  1996  1 17   3:51
2450100.263  1996  1 17  18:18
2450100.864  1996  1 18   8:44
2450101.466  1996  1 18  23:11
2450102.068  1996  1 19  13:37
2450102.670  1996  1 20   4: 4
2450103.271  1996  1 20  18:30
2450103.873  1996  1 21   8:57
2450104.475  1996  1 21  23:23
2450105.076  1996  1 22  13:50
2450105.678  1996  1 23   4:16
2450106.280  1996  1 23  18:43
2450106.882  1996  1 24   9: 9
2450107.483  1996  1 24  23:36
2450108.085  1996  1 25  14: 2
2450108.687  1996  1 26   4:29
2450109.289  1996  1 26  18:55
2450109.890  1996  1 27   9:22
2450110.492  1996  1 27  23:48
2450111.094  1996  1 28  14:15
2450111.696  1996  1 29   4:41
2450112.297  1996  1 29  19: 8
2450112.899  1996  1 30   9:34
2450113.501  1996  1 31   0: 1
2450114.102  1996  1 31  14:27
2450114.704  1996  2  1   4:54
2450115.306  1996  2  1  19:20
2450115.908  1996  2  2   9:46
2450116.509  1996  2  3   0:13
2450117.111  1996  2  3  14:39
2450117.713  1996  2  4   5: 6
2450118.315  1996  2  4  19:32
2450118.916  1996  2  5   9:59
2450119.518  1996  2  6   0:25
2450120.120  1996  2  6  14:52
2450120.721  1996  2  7   5:18
2450121.323  1996  2  7  19:45
2450121.925  1996  2  8  10:11
2450122.527  1996  2  9   0:38
2450123.128  1996  2  9  15: 4
2450123.730  1996  2 10   5:31
2450124.332  1996  2 10  19:57
2450124.934  1996  2 11  10:24
