      atlas eclipse disappearances.

     JD        Date       UTC

2449860.088  1995  5 22  14: 6
2449860.690  1995  5 23   4:33
2449861.291  1995  5 23  18:59
2449861.893  1995  5 24   9:26
2449862.495  1995  5 24  23:52
2449863.097  1995  5 25  14:19
2449863.698  1995  5 26   4:45
2449864.300  1995  5 26  19:12
2449864.902  1995  5 27   9:38
2449865.504  1995  5 28   0: 5
2449866.105  1995  5 28  14:31
2449866.707  1995  5 29   4:58
2449867.309  1995  5 29  19:24
2449867.911  1995  5 30   9:51
2449868.512  1995  5 31   0:17
2449869.114  1995  5 31  14:44
2449869.716  1995  6  1   5:10
2449870.317  1995  6  1  19:37
2449870.919  1995  6  2  10: 3
2449871.521  1995  6  3   0:30
2449872.123  1995  6  3  14:56
2449872.724  1995  6  4   5:23
2449873.326  1995  6  4  19:49
2449873.928  1995  6  5  10:16
2449874.530  1995  6  6   0:42
2449875.131  1995  6  6  15: 9
2449875.733  1995  6  7   5:35
2449876.335  1995  6  7  20: 2
2449876.937  1995  6  8  10:28
2449877.538  1995  6  9   0:55
2449878.140  1995  6  9  15:21
2449878.742  1995  6 10   5:48
2449879.343  1995  6 10  20:14
2449879.945  1995  6 11  10:41
2449880.547  1995  6 12   1: 7
2449881.149  1995  6 12  15:34
2449881.750  1995  6 13   6: 0
2449882.352  1995  6 13  20:27
2449882.954  1995  6 14  10:53
2449883.556  1995  6 15   1:20
2449884.157  1995  6 15  15:46
2449884.759  1995  6 16   6:13
2449885.361  1995  6 16  20:39
2449885.962  1995  6 17  11: 5
2449886.564  1995  6 18   1:32
2449887.166  1995  6 18  15:58
2449887.768  1995  6 19   6:25
2449888.369  1995  6 19  20:51
2449888.971  1995  6 20  11:18
2449889.573  1995  6 21   1:44
2449890.175  1995  6 21  16:11
2449890.776  1995  6 22   6:37
2449891.378  1995  6 22  21: 4
2449891.980  1995  6 23  11:30
2449892.582  1995  6 24   1:57
2449893.183  1995  6 24  16:23
2449893.785  1995  6 25   6:50
2449894.387  1995  6 25  21:16
2449894.988  1995  6 26  11:43
2449895.590  1995  6 27   2: 9
2449896.192  1995  6 27  16:36
2449896.794  1995  6 28   7: 2
2449897.395  1995  6 28  21:29
2449897.997  1995  6 29  11:55
2449898.599  1995  6 30   2:22
2449899.201  1995  6 30  16:48
2449899.802  1995  7  1   7:15
2449900.404  1995  7  1  21:41
2449901.006  1995  7  2  12: 8
2449901.608  1995  7  3   2:34
2449902.209  1995  7  3  17: 1
2449902.811  1995  7  4   7:27
2449903.413  1995  7  4  21:54
2449904.014  1995  7  5  12:20
2449904.616  1995  7  6   2:47
2449905.218  1995  7  6  17:13
2449905.820  1995  7  7   7:40
2449906.421  1995  7  7  22: 6
2449907.023  1995  7  8  12:33
2449907.625  1995  7  9   2:59
2449908.227  1995  7  9  17:26
2449908.828  1995  7 10   7:52
2449909.430  1995  7 10  22:19
2449910.032  1995  7 11  12:45
2449910.634  1995  7 12   3:12
2449911.235  1995  7 12  17:38
2449911.837  1995  7 13   8: 5
2449912.439  1995  7 13  22:31
2449913.040  1995  7 14  12:58
2449913.642  1995  7 15   3:24
2449914.244  1995  7 15  17:51
2449914.846  1995  7 16   8:17
2449915.447  1995  7 16  22:44
2449916.049  1995  7 17  13:10
2449916.651  1995  7 18   3:37
2449917.253  1995  7 18  18: 3
2449917.854  1995  7 19   8:30
2449918.456  1995  7 19  22:56
2449919.058  1995  7 20  13:23
2449919.660  1995  7 21   3:49
2449920.261  1995  7 21  18:16
2449920.863  1995  7 22   8:42
2449921.465  1995  7 22  23: 9
2449922.066  1995  7 23  13:35
2449922.668  1995  7 24   4: 2
2449923.270  1995  7 24  18:28
2449923.872  1995  7 25   8:55
2449924.473  1995  7 25  23:21
2449925.075  1995  7 26  13:48
2449925.677  1995  7 27   4:14
2449926.279  1995  7 27  18:41
2449926.880  1995  7 28   9: 7
2449927.482  1995  7 28  23:34
2449928.084  1995  7 29  14: 0
2449928.686  1995  7 30   4:27
2449929.287  1995  7 30  18:53
2449929.889  1995  7 31   9:20
2449930.491  1995  7 31  23:46
2449931.092  1995  8  1  14:13
2449931.694  1995  8  2   4:39
2449932.296  1995  8  2  19: 6
2449932.898  1995  8  3   9:32
2449933.499  1995  8  3  23:59
2449934.101  1995  8  4  14:25
2449934.703  1995  8  5   4:52
2449935.305  1995  8  5  19:18
2449935.906  1995  8  6   9:45
2449936.508  1995  8  7   0:11
2449937.110  1995  8  7  14:38
2449937.711  1995  8  8   5: 4
2449938.313  1995  8  8  19:31
2449938.915  1995  8  9   9:57
2449939.517  1995  8 10   0:24
2449940.118  1995  8 10  14:50
