 epimetheus eclipse reappearances.

     JD        Date       UTC

2450042.956  1995 11 21  10:56
2450043.650  1995 11 22   3:36
2450044.345  1995 11 22  20:16
2450045.039  1995 11 23  12:56
2450045.734  1995 11 24   5:36
2450046.428  1995 11 24  22:16
2450047.122  1995 11 25  14:56
2450047.817  1995 11 26   7:35
2450048.511  1995 11 27   0:15
2450049.205  1995 11 27  16:55
2450049.900  1995 11 28   9:35
2450050.594  1995 11 29   2:15
2450051.289  1995 11 29  18:55
2450051.983  1995 11 30  11:35
2450052.677  1995 12  1   4:15
2450053.372  1995 12  1  20:55
2450054.066  1995 12  2  13:35
2450054.760  1995 12  3   6:15
2450055.455  1995 12  3  22:54
2450056.149  1995 12  4  15:34
2450056.844  1995 12  5   8:14
2450057.538  1995 12  6   0:54
2450058.232  1995 12  6  17:34
2450058.927  1995 12  7  10:14
2450059.621  1995 12  8   2:54
2450060.315  1995 12  8  19:34
2450061.010  1995 12  9  12:14
2450061.704  1995 12 10   4:54
2450062.399  1995 12 10  21:33
2450063.093  1995 12 11  14:13
2450063.787  1995 12 12   6:53
2450064.482  1995 12 12  23:33
2450065.176  1995 12 13  16:13
2450065.870  1995 12 14   8:53
2450066.565  1995 12 15   1:33
2450067.259  1995 12 15  18:13
2450067.954  1995 12 16  10:53
2450068.648  1995 12 17   3:33
2450069.342  1995 12 17  20:12
2450070.037  1995 12 18  12:52
2450070.731  1995 12 19   5:32
2450071.425  1995 12 19  22:12
2450072.120  1995 12 20  14:52
2450072.814  1995 12 21   7:32
2450073.509  1995 12 22   0:12
2450074.203  1995 12 22  16:52
2450074.897  1995 12 23   9:32
2450075.592  1995 12 24   2:12
2450076.286  1995 12 24  18:52
2450076.981  1995 12 25  11:31
2450077.675  1995 12 26   4:11
2450078.369  1995 12 26  20:51
2450079.064  1995 12 27  13:31
2450079.758  1995 12 28   6:11
2450080.452  1995 12 28  22:51
2450081.147  1995 12 29  15:31
2450081.841  1995 12 30   8:11
2450082.536  1995 12 31   0:51
2450083.230  1995 12 31  17:31
2450083.924  1996  1  1  10:10
2450084.619  1996  1  2   2:50
2450085.313  1996  1  2  19:30
2450086.007  1996  1  3  12:10
2450086.702  1996  1  4   4:50
2450087.396  1996  1  4  21:30
2450088.091  1996  1  5  14:10
2450088.785  1996  1  6   6:50
2450089.479  1996  1  6  23:30
2450090.174  1996  1  7  16:10
2450090.868  1996  1  8   8:50
2450091.562  1996  1  9   1:29
2450092.257  1996  1  9  18: 9
2450092.951  1996  1 10  10:49
2450093.646  1996  1 11   3:29
2450094.340  1996  1 11  20: 9
2450095.034  1996  1 12  12:49
2450095.729  1996  1 13   5:29
2450096.423  1996  1 13  22: 9
2450097.117  1996  1 14  14:49
2450097.812  1996  1 15   7:29
2450098.506  1996  1 16   0: 8
2450099.201  1996  1 16  16:48
2450099.895  1996  1 17   9:28
2450100.589  1996  1 18   2: 8
2450101.284  1996  1 18  18:48
2450101.978  1996  1 19  11:28
2450102.673  1996  1 20   4: 8
2450103.367  1996  1 20  20:48
2450104.061  1996  1 21  13:28
2450104.756  1996  1 22   6: 8
2450105.450  1996  1 22  22:48
2450106.144  1996  1 23  15:27
2450106.839  1996  1 24   8: 7
2450107.533  1996  1 25   0:47
2450108.228  1996  1 25  17:27
2450108.922  1996  1 26  10: 7
2450109.616  1996  1 27   2:47
2450110.311  1996  1 27  19:27
2450111.005  1996  1 28  12: 7
2450111.699  1996  1 29   4:47
2450112.394  1996  1 29  21:27
2450113.088  1996  1 30  14: 6
2450113.783  1996  1 31   6:46
2450114.477  1996  1 31  23:26
2450115.171  1996  2  1  16: 6
2450115.866  1996  2  2   8:46
2450116.560  1996  2  3   1:26
2450117.254  1996  2  3  18: 6
2450117.949  1996  2  4  10:46
2450118.643  1996  2  5   3:26
2450119.338  1996  2  5  20: 6
2450120.032  1996  2  6  12:46
2450120.726  1996  2  7   5:25
2450121.421  1996  2  7  22: 5
2450122.115  1996  2  8  14:45
2450122.809  1996  2  9   7:25
2450123.504  1996  2 10   0: 5
2450124.198  1996  2 10  16:45
2450124.893  1996  2 11   9:25
