 epimetheus eclipse disappearances.

     JD        Date       UTC

2449859.553  1995  5 22   1:16
2449860.247  1995  5 22  17:56
2449860.942  1995  5 23  10:36
2449861.636  1995  5 24   3:16
2449862.331  1995  5 24  19:55
2449863.025  1995  5 25  12:35
2449863.719  1995  5 26   5:15
2449864.414  1995  5 26  21:55
2449865.108  1995  5 27  14:35
2449865.802  1995  5 28   7:15
2449866.497  1995  5 28  23:55
2449867.191  1995  5 29  16:35
2449867.886  1995  5 30   9:15
2449868.580  1995  5 31   1:55
2449869.274  1995  5 31  18:34
2449869.969  1995  6  1  11:14
2449870.663  1995  6  2   3:54
2449871.357  1995  6  2  20:34
2449872.052  1995  6  3  13:14
2449872.746  1995  6  4   5:54
2449873.441  1995  6  4  22:34
2449874.135  1995  6  5  15:14
2449874.829  1995  6  6   7:54
2449875.524  1995  6  7   0:34
2449876.218  1995  6  7  17:14
2449876.912  1995  6  8   9:53
2449877.607  1995  6  9   2:33
2449878.301  1995  6  9  19:13
2449878.996  1995  6 10  11:53
2449879.690  1995  6 11   4:33
2449880.384  1995  6 11  21:13
2449881.079  1995  6 12  13:53
2449881.773  1995  6 13   6:33
2449882.467  1995  6 13  23:13
2449883.162  1995  6 14  15:53
2449883.856  1995  6 15   8:32
2449884.551  1995  6 16   1:12
2449885.245  1995  6 16  17:52
2449885.939  1995  6 17  10:32
2449886.634  1995  6 18   3:12
2449887.328  1995  6 18  19:52
2449888.022  1995  6 19  12:32
2449888.717  1995  6 20   5:12
2449889.411  1995  6 20  21:52
2449890.106  1995  6 21  14:32
2449890.800  1995  6 22   7:12
2449891.494  1995  6 22  23:51
2449892.189  1995  6 23  16:31
2449892.883  1995  6 24   9:11
2449893.578  1995  6 25   1:51
2449894.272  1995  6 25  18:31
2449894.966  1995  6 26  11:11
2449895.661  1995  6 27   3:51
2449896.355  1995  6 27  20:31
2449897.049  1995  6 28  13:11
2449897.744  1995  6 29   5:51
2449898.438  1995  6 29  22:30
2449899.133  1995  6 30  15:10
2449899.827  1995  7  1   7:50
2449900.521  1995  7  2   0:30
2449901.216  1995  7  2  17:10
2449901.910  1995  7  3   9:50
2449902.604  1995  7  4   2:30
2449903.299  1995  7  4  19:10
2449903.993  1995  7  5  11:50
2449904.688  1995  7  6   4:30
2449905.382  1995  7  6  21: 9
2449906.076  1995  7  7  13:49
2449906.771  1995  7  8   6:29
2449907.465  1995  7  8  23: 9
2449908.159  1995  7  9  15:49
2449908.854  1995  7 10   8:29
2449909.548  1995  7 11   1: 9
2449910.243  1995  7 11  17:49
2449910.937  1995  7 12  10:29
2449911.631  1995  7 13   3: 9
2449912.326  1995  7 13  19:49
2449913.020  1995  7 14  12:28
2449913.714  1995  7 15   5: 8
2449914.409  1995  7 15  21:48
2449915.103  1995  7 16  14:28
2449915.798  1995  7 17   7: 8
2449916.492  1995  7 17  23:48
2449917.186  1995  7 18  16:28
2449917.881  1995  7 19   9: 8
2449918.575  1995  7 20   1:48
2449919.270  1995  7 20  18:28
2449919.964  1995  7 21  11: 7
2449920.658  1995  7 22   3:47
2449921.353  1995  7 22  20:27
2449922.047  1995  7 23  13: 7
2449922.741  1995  7 24   5:47
2449923.436  1995  7 24  22:27
2449924.130  1995  7 25  15: 7
2449924.825  1995  7 26   7:47
2449925.519  1995  7 27   0:27
2449926.213  1995  7 27  17: 7
2449926.908  1995  7 28   9:47
2449927.602  1995  7 29   2:26
2449928.296  1995  7 29  19: 6
2449928.991  1995  7 30  11:46
2449929.685  1995  7 31   4:26
2449930.380  1995  7 31  21: 6
2449931.074  1995  8  1  13:46
2449931.768  1995  8  2   6:26
2449932.463  1995  8  2  23: 6
2449933.157  1995  8  3  15:46
2449933.851  1995  8  4   8:26
2449934.546  1995  8  5   1: 5
2449935.240  1995  8  5  17:45
2449935.935  1995  8  6  10:25
2449936.629  1995  8  7   3: 5
2449937.323  1995  8  7  19:45
2449938.018  1995  8  8  12:25
2449938.712  1995  8  9   5: 5
2449939.406  1995  8  9  21:45
2449940.101  1995  8 10  14:25
