      janus eclipse reappearances.

     JD        Date       UTC

2450042.576  1995 11 21   1:49
2450043.271  1995 11 21  18:29
2450043.965  1995 11 22  11:10
2450044.660  1995 11 23   3:50
2450045.355  1995 11 23  20:30
2450046.050  1995 11 24  13:11
2450046.744  1995 11 25   5:51
2450047.439  1995 11 25  22:32
2450048.134  1995 11 26  15:12
2450048.828  1995 11 27   7:52
2450049.523  1995 11 28   0:33
2450050.218  1995 11 28  17:13
2450050.912  1995 11 29   9:53
2450051.607  1995 11 30   2:34
2450052.302  1995 11 30  19:14
2450052.997  1995 12  1  11:55
2450053.691  1995 12  2   4:35
2450054.386  1995 12  2  21:15
2450055.081  1995 12  3  13:56
2450055.775  1995 12  4   6:36
2450056.470  1995 12  4  23:16
2450057.165  1995 12  5  15:57
2450057.860  1995 12  6   8:37
2450058.554  1995 12  7   1:18
2450059.249  1995 12  7  17:58
2450059.944  1995 12  8  10:38
2450060.638  1995 12  9   3:19
2450061.333  1995 12  9  19:59
2450062.028  1995 12 10  12:39
2450062.722  1995 12 11   5:20
2450063.417  1995 12 11  22: 0
2450064.112  1995 12 12  14:41
2450064.807  1995 12 13   7:21
2450065.501  1995 12 14   0: 1
2450066.196  1995 12 14  16:42
2450066.891  1995 12 15   9:22
2450067.585  1995 12 16   2: 2
2450068.280  1995 12 16  18:43
2450068.975  1995 12 17  11:23
2450069.670  1995 12 18   4: 4
2450070.364  1995 12 18  20:44
2450071.059  1995 12 19  13:24
2450071.754  1995 12 20   6: 5
2450072.448  1995 12 20  22:45
2450073.143  1995 12 21  15:25
2450073.838  1995 12 22   8: 6
2450074.532  1995 12 23   0:46
2450075.227  1995 12 23  17:27
2450075.922  1995 12 24  10: 7
2450076.617  1995 12 25   2:47
2450077.311  1995 12 25  19:28
2450078.006  1995 12 26  12: 8
2450078.701  1995 12 27   4:48
2450079.395  1995 12 27  21:29
2450080.090  1995 12 28  14: 9
2450080.785  1995 12 29   6:50
2450081.480  1995 12 29  23:30
2450082.174  1995 12 30  16:10
2450082.869  1995 12 31   8:51
2450083.564  1996  1  1   1:31
2450084.258  1996  1  1  18:11
2450084.953  1996  1  2  10:52
2450085.648  1996  1  3   3:32
2450086.342  1996  1  3  20:13
2450087.037  1996  1  4  12:53
2450087.732  1996  1  5   5:33
2450088.427  1996  1  5  22:14
2450089.121  1996  1  6  14:54
2450089.816  1996  1  7   7:34
2450090.511  1996  1  8   0:15
2450091.205  1996  1  8  16:55
2450091.900  1996  1  9   9:36
2450092.595  1996  1 10   2:16
2450093.289  1996  1 10  18:56
2450093.984  1996  1 11  11:37
2450094.679  1996  1 12   4:17
2450095.374  1996  1 12  20:58
2450096.068  1996  1 13  13:38
2450096.763  1996  1 14   6:18
2450097.458  1996  1 14  22:59
2450098.152  1996  1 15  15:39
2450098.847  1996  1 16   8:19
2450099.542  1996  1 17   1: 0
2450100.237  1996  1 17  17:40
2450100.931  1996  1 18  10:21
2450101.626  1996  1 19   3: 1
2450102.321  1996  1 19  19:41
2450103.015  1996  1 20  12:22
2450103.710  1996  1 21   5: 2
2450104.405  1996  1 21  21:42
2450105.099  1996  1 22  14:23
2450105.794  1996  1 23   7: 3
2450106.489  1996  1 23  23:44
2450107.184  1996  1 24  16:24
2450107.878  1996  1 25   9: 4
2450108.573  1996  1 26   1:45
2450109.268  1996  1 26  18:25
2450109.962  1996  1 27  11: 5
2450110.657  1996  1 28   3:46
2450111.352  1996  1 28  20:26
2450112.047  1996  1 29  13: 7
2450112.741  1996  1 30   5:47
2450113.436  1996  1 30  22:27
2450114.131  1996  1 31  15: 8
2450114.825  1996  2  1   7:48
2450115.520  1996  2  2   0:28
2450116.215  1996  2  2  17: 9
2450116.909  1996  2  3   9:49
2450117.604  1996  2  4   2:30
2450118.299  1996  2  4  19:10
2450118.994  1996  2  5  11:50
2450119.688  1996  2  6   4:31
2450120.383  1996  2  6  21:11
2450121.078  1996  2  7  13:51
2450121.772  1996  2  8   6:32
2450122.467  1996  2  8  23:12
2450123.162  1996  2  9  15:53
2450123.857  1996  2 10   8:33
2450124.551  1996  2 11   1:13
2450125.246  1996  2 11  17:54
