      janus eclipse disappearances.

     JD        Date       UTC

2449859.781  1995  5 22   6:44
2449860.476  1995  5 22  23:25
2449861.170  1995  5 23  16: 5
2449861.865  1995  5 24   8:45
2449862.560  1995  5 25   1:26
2449863.255  1995  5 25  18: 6
2449863.949  1995  5 26  10:46
2449864.644  1995  5 27   3:27
2449865.339  1995  5 27  20: 7
2449866.033  1995  5 28  12:48
2449866.728  1995  5 29   5:28
2449867.423  1995  5 29  22: 8
2449868.117  1995  5 30  14:49
2449868.812  1995  5 31   7:29
2449869.507  1995  6  1   0: 9
2449870.202  1995  6  1  16:50
2449870.896  1995  6  2   9:30
2449871.591  1995  6  3   2:11
2449872.286  1995  6  3  18:51
2449872.980  1995  6  4  11:31
2449873.675  1995  6  5   4:12
2449874.370  1995  6  5  20:52
2449875.065  1995  6  6  13:32
2449875.759  1995  6  7   6:13
2449876.454  1995  6  7  22:53
2449877.149  1995  6  8  15:34
2449877.843  1995  6  9   8:14
2449878.538  1995  6 10   0:54
2449879.233  1995  6 10  17:35
2449879.927  1995  6 11  10:15
2449880.622  1995  6 12   2:55
2449881.317  1995  6 12  19:36
2449882.012  1995  6 13  12:16
2449882.706  1995  6 14   4:57
2449883.401  1995  6 14  21:37
2449884.096  1995  6 15  14:17
2449884.790  1995  6 16   6:58
2449885.485  1995  6 16  23:38
2449886.180  1995  6 17  16:18
2449886.875  1995  6 18   8:59
2449887.569  1995  6 19   1:39
2449888.264  1995  6 19  18:20
2449888.959  1995  6 20  11: 0
2449889.653  1995  6 21   3:40
2449890.348  1995  6 21  20:21
2449891.043  1995  6 22  13: 1
2449891.737  1995  6 23   5:41
2449892.432  1995  6 23  22:22
2449893.127  1995  6 24  15: 2
2449893.822  1995  6 25   7:43
2449894.516  1995  6 26   0:23
2449895.211  1995  6 26  17: 3
2449895.906  1995  6 27   9:44
2449896.600  1995  6 28   2:24
2449897.295  1995  6 28  19: 4
2449897.990  1995  6 29  11:45
2449898.685  1995  6 30   4:25
2449899.379  1995  6 30  21: 6
2449900.074  1995  7  1  13:46
2449900.769  1995  7  2   6:26
2449901.463  1995  7  2  23: 7
2449902.158  1995  7  3  15:47
2449902.853  1995  7  4   8:27
2449903.547  1995  7  5   1: 8
2449904.242  1995  7  5  17:48
2449904.937  1995  7  6  10:29
2449905.632  1995  7  7   3: 9
2449906.326  1995  7  7  19:49
2449907.021  1995  7  8  12:30
2449907.716  1995  7  9   5:10
2449908.410  1995  7  9  21:50
2449909.105  1995  7 10  14:31
2449909.800  1995  7 11   7:11
2449910.494  1995  7 11  23:52
2449911.189  1995  7 12  16:32
2449911.884  1995  7 13   9:12
2449912.579  1995  7 14   1:53
2449913.273  1995  7 14  18:33
2449913.968  1995  7 15  11:13
2449914.663  1995  7 16   3:54
2449915.357  1995  7 16  20:34
2449916.052  1995  7 17  13:15
2449916.747  1995  7 18   5:55
2449917.442  1995  7 18  22:35
2449918.136  1995  7 19  15:16
2449918.831  1995  7 20   7:56
2449919.526  1995  7 21   0:36
2449920.220  1995  7 21  17:17
2449920.915  1995  7 22   9:57
2449921.610  1995  7 23   2:38
2449922.304  1995  7 23  19:18
2449922.999  1995  7 24  11:58
2449923.694  1995  7 25   4:39
2449924.389  1995  7 25  21:19
2449925.083  1995  7 26  13:59
2449925.778  1995  7 27   6:40
2449926.473  1995  7 27  23:20
2449927.167  1995  7 28  16: 1
2449927.862  1995  7 29   8:41
2449928.557  1995  7 30   1:21
2449929.252  1995  7 30  18: 2
2449929.946  1995  7 31  10:42
2449930.641  1995  8  1   3:22
2449931.336  1995  8  1  20: 3
2449932.030  1995  8  2  12:43
2449932.725  1995  8  3   5:24
2449933.420  1995  8  3  22: 4
2449934.114  1995  8  4  14:44
2449934.809  1995  8  5   7:25
2449935.504  1995  8  6   0: 5
2449936.199  1995  8  6  16:45
2449936.893  1995  8  7   9:26
2449937.588  1995  8  8   2: 6
2449938.283  1995  8  8  18:47
2449938.977  1995  8  9  11:27
2449939.672  1995  8 10   4: 7
2449940.367  1995  8 10  20:48
