        pan eclipse disappearances.

     JD        Date       UTC

2449859.554  1995  5 22   1:17
2449860.129  1995  5 22  15: 5
2449860.704  1995  5 23   4:53
2449861.279  1995  5 23  18:42
2449861.854  1995  5 24   8:30
2449862.429  1995  5 24  22:18
2449863.004  1995  5 25  12: 6
2449863.579  1995  5 26   1:54
2449864.155  1995  5 26  15:42
2449864.730  1995  5 27   5:30
2449865.305  1995  5 27  19:18
2449865.880  1995  5 28   9: 6
2449866.455  1995  5 28  22:54
2449867.030  1995  5 29  12:43
2449867.605  1995  5 30   2:31
2449868.180  1995  5 30  16:19
2449868.755  1995  5 31   6: 7
2449869.330  1995  5 31  19:55
2449869.905  1995  6  1   9:43
2449870.480  1995  6  1  23:31
2449871.055  1995  6  2  13:19
2449871.630  1995  6  3   3: 7
2449872.206  1995  6  3  16:55
2449872.781  1995  6  4   6:44
2449873.356  1995  6  4  20:32
2449873.931  1995  6  5  10:20
2449874.506  1995  6  6   0: 8
2449875.081  1995  6  6  13:56
2449875.656  1995  6  7   3:44
2449876.231  1995  6  7  17:32
2449876.806  1995  6  8   7:20
2449877.381  1995  6  8  21: 8
2449877.956  1995  6  9  10:56
2449878.531  1995  6 10   0:45
2449879.106  1995  6 10  14:33
2449879.681  1995  6 11   4:21
2449880.257  1995  6 11  18: 9
2449880.832  1995  6 12   7:57
2449881.407  1995  6 12  21:45
2449881.982  1995  6 13  11:33
2449882.557  1995  6 14   1:21
2449883.132  1995  6 14  15: 9
2449883.707  1995  6 15   4:57
2449884.282  1995  6 15  18:46
2449884.857  1995  6 16   8:34
2449885.432  1995  6 16  22:22
2449886.007  1995  6 17  12:10
2449886.582  1995  6 18   1:58
2449887.157  1995  6 18  15:46
2449887.732  1995  6 19   5:34
2449888.308  1995  6 19  19:22
2449888.883  1995  6 20   9:10
2449889.458  1995  6 20  22:59
2449890.033  1995  6 21  12:47
2449890.608  1995  6 22   2:35
2449891.183  1995  6 22  16:23
2449891.758  1995  6 23   6:11
2449892.333  1995  6 23  19:59
2449892.908  1995  6 24   9:47
2449893.483  1995  6 24  23:35
2449894.058  1995  6 25  13:23
2449894.633  1995  6 26   3:11
2449895.208  1995  6 26  17: 0
2449895.783  1995  6 27   6:48
2449896.358  1995  6 27  20:36
2449896.934  1995  6 28  10:24
2449897.509  1995  6 29   0:12
2449898.084  1995  6 29  14: 0
2449898.659  1995  6 30   3:48
2449899.234  1995  6 30  17:36
2449899.809  1995  7  1   7:24
2449900.384  1995  7  1  21:12
2449900.959  1995  7  2  11: 1
2449901.534  1995  7  3   0:49
2449902.109  1995  7  3  14:37
2449902.684  1995  7  4   4:25
2449903.259  1995  7  4  18:13
2449903.834  1995  7  5   8: 1
2449904.409  1995  7  5  21:49
2449904.985  1995  7  6  11:37
2449905.560  1995  7  7   1:25
2449906.135  1995  7  7  15:13
2449906.710  1995  7  8   5: 2
2449907.285  1995  7  8  18:50
2449907.860  1995  7  9   8:38
2449908.435  1995  7  9  22:26
2449909.010  1995  7 10  12:14
2449909.585  1995  7 11   2: 2
2449910.160  1995  7 11  15:50
2449910.735  1995  7 12   5:38
2449911.310  1995  7 12  19:26
2449911.885  1995  7 13   9:14
2449912.460  1995  7 13  23: 3
2449913.036  1995  7 14  12:51
2449913.611  1995  7 15   2:39
2449914.186  1995  7 15  16:27
2449914.761  1995  7 16   6:15
2449915.336  1995  7 16  20: 3
2449915.911  1995  7 17   9:51
2449916.486  1995  7 17  23:39
2449917.061  1995  7 18  13:27
2449917.636  1995  7 19   3:15
2449918.211  1995  7 19  17: 4
2449918.786  1995  7 20   6:52
2449919.361  1995  7 20  20:40
2449919.936  1995  7 21  10:28
2449920.511  1995  7 22   0:16
2449921.086  1995  7 22  14: 4
2449921.662  1995  7 23   3:52
2449922.237  1995  7 23  17:40
2449922.812  1995  7 24   7:28
2449923.387  1995  7 24  21:16
2449923.962  1995  7 25  11: 5
2449924.537  1995  7 26   0:53
2449925.112  1995  7 26  14:41
2449925.687  1995  7 27   4:29
2449926.262  1995  7 27  18:17
2449926.837  1995  7 28   8: 5
2449927.412  1995  7 28  21:53
2449927.987  1995  7 29  11:41
2449928.562  1995  7 30   1:29
2449929.137  1995  7 30  15:17
2449929.713  1995  7 31   5: 6
2449930.288  1995  7 31  18:54
2449930.863  1995  8  1   8:42
2449931.438  1995  8  1  22:30
2449932.013  1995  8  2  12:18
2449932.588  1995  8  3   2: 6
2449933.163  1995  8  3  15:54
2449933.738  1995  8  4   5:42
2449934.313  1995  8  4  19:30
2449934.888  1995  8  5   9:18
2449935.463  1995  8  5  23: 7
2449936.038  1995  8  6  12:55
2449936.613  1995  8  7   2:43
2449937.188  1995  8  7  16:31
2449937.764  1995  8  8   6:19
2449938.339  1995  8  8  20: 7
2449938.914  1995  8  9   9:55
2449939.489  1995  8  9  23:43
2449940.064  1995  8 10  13:31
