        pan eclipse reappearances.

     JD        Date       UTC

2450042.509  1995 11 21   0:12
2450043.084  1995 11 21  14: 1
2450043.659  1995 11 22   3:49
2450044.234  1995 11 22  17:37
2450044.809  1995 11 23   7:25
2450045.384  1995 11 23  21:13
2450045.959  1995 11 24  11: 1
2450046.534  1995 11 25   0:49
2450047.110  1995 11 25  14:37
2450047.685  1995 11 26   4:25
2450048.260  1995 11 26  18:13
2450048.835  1995 11 27   8: 2
2450049.410  1995 11 27  21:50
2450049.985  1995 11 28  11:38
2450050.560  1995 11 29   1:26
2450051.135  1995 11 29  15:14
2450051.710  1995 11 30   5: 2
2450052.285  1995 11 30  18:50
2450052.860  1995 12  1   8:38
2450053.435  1995 12  1  22:26
2450054.010  1995 12  2  12:14
2450054.585  1995 12  3   2: 3
2450055.161  1995 12  3  15:51
2450055.736  1995 12  4   5:39
2450056.311  1995 12  4  19:27
2450056.886  1995 12  5   9:15
2450057.461  1995 12  5  23: 3
2450058.036  1995 12  6  12:51
2450058.611  1995 12  7   2:39
2450059.186  1995 12  7  16:27
2450059.761  1995 12  8   6:15
2450060.336  1995 12  8  20: 4
2450060.911  1995 12  9   9:52
2450061.486  1995 12  9  23:40
2450062.061  1995 12 10  13:28
2450062.636  1995 12 11   3:16
2450063.212  1995 12 11  17: 4
2450063.787  1995 12 12   6:52
2450064.362  1995 12 12  20:40
2450064.937  1995 12 13  10:28
2450065.512  1995 12 14   0:16
2450066.087  1995 12 14  14: 5
2450066.662  1995 12 15   3:53
2450067.237  1995 12 15  17:41
2450067.812  1995 12 16   7:29
2450068.387  1995 12 16  21:17
2450068.962  1995 12 17  11: 5
2450069.537  1995 12 18   0:53
2450070.112  1995 12 18  14:41
2450070.687  1995 12 19   4:29
2450071.263  1995 12 19  18:18
2450071.838  1995 12 20   8: 6
2450072.413  1995 12 20  21:54
2450072.988  1995 12 21  11:42
2450073.563  1995 12 22   1:30
2450074.138  1995 12 22  15:18
2450074.713  1995 12 23   5: 6
2450075.288  1995 12 23  18:54
2450075.863  1995 12 24   8:42
2450076.438  1995 12 24  22:30
2450077.013  1995 12 25  12:19
2450077.588  1995 12 26   2: 7
2450078.163  1995 12 26  15:55
2450078.738  1995 12 27   5:43
2450079.313  1995 12 27  19:31
2450079.889  1995 12 28   9:19
2450080.464  1995 12 28  23: 7
2450081.039  1995 12 29  12:55
2450081.614  1995 12 30   2:43
2450082.189  1995 12 30  16:31
2450082.764  1995 12 31   6:20
2450083.339  1995 12 31  20: 8
2450083.914  1996  1  1   9:56
2450084.489  1996  1  1  23:44
2450085.064  1996  1  2  13:32
2450085.639  1996  1  3   3:20
2450086.214  1996  1  3  17: 8
2450086.789  1996  1  4   6:56
2450087.364  1996  1  4  20:44
2450087.940  1996  1  5  10:32
2450088.515  1996  1  6   0:21
2450089.090  1996  1  6  14: 9
2450089.665  1996  1  7   3:57
2450090.240  1996  1  7  17:45
2450090.815  1996  1  8   7:33
2450091.390  1996  1  8  21:21
2450091.965  1996  1  9  11: 9
2450092.540  1996  1 10   0:57
2450093.115  1996  1 10  14:45
2450093.690  1996  1 11   4:33
2450094.265  1996  1 11  18:22
2450094.840  1996  1 12   8:10
2450095.415  1996  1 12  21:58
2450095.991  1996  1 13  11:46
2450096.566  1996  1 14   1:34
2450097.141  1996  1 14  15:22
2450097.716  1996  1 15   5:10
2450098.291  1996  1 15  18:58
2450098.866  1996  1 16   8:46
2450099.441  1996  1 16  22:34
2450100.016  1996  1 17  12:23
2450100.591  1996  1 18   2:11
2450101.166  1996  1 18  15:59
2450101.741  1996  1 19   5:47
2450102.316  1996  1 19  19:35
2450102.891  1996  1 20   9:23
2450103.466  1996  1 20  23:11
2450104.041  1996  1 21  12:59
2450104.617  1996  1 22   2:47
2450105.192  1996  1 22  16:35
2450105.767  1996  1 23   6:24
2450106.342  1996  1 23  20:12
2450106.917  1996  1 24  10: 0
2450107.492  1996  1 24  23:48
2450108.067  1996  1 25  13:36
2450108.642  1996  1 26   3:24
2450109.217  1996  1 26  17:12
2450109.792  1996  1 27   7: 0
2450110.367  1996  1 27  20:48
2450110.942  1996  1 28  10:36
2450111.517  1996  1 29   0:25
2450112.092  1996  1 29  14:13
2450112.668  1996  1 30   4: 1
2450113.243  1996  1 30  17:49
2450113.818  1996  1 31   7:37
2450114.393  1996  1 31  21:25
2450114.968  1996  2  1  11:13
2450115.543  1996  2  2   1: 1
2450116.118  1996  2  2  14:49
2450116.693  1996  2  3   4:37
2450117.268  1996  2  3  18:26
2450117.843  1996  2  4   8:14
2450118.418  1996  2  4  22: 2
2450118.993  1996  2  5  11:50
2450119.568  1996  2  6   1:38
2450120.143  1996  2  6  15:26
2450120.719  1996  2  7   5:14
2450121.294  1996  2  7  19: 2
2450121.869  1996  2  8   8:50
2450122.444  1996  2  8  22:38
2450123.019  1996  2  9  12:27
2450123.594  1996  2 10   2:15
2450124.169  1996  2 10  16: 3
2450124.744  1996  2 11   5:51
2450125.319  1996  2 11  19:39
