    pandora eclipse reappearances.

     JD        Date       UTC

2450042.765  1995 11 21   6:21
2450043.394  1995 11 21  21:26
2450044.022  1995 11 22  12:31
2450044.651  1995 11 23   3:36
2450045.279  1995 11 23  18:41
2450045.908  1995 11 24   9:47
2450046.536  1995 11 25   0:52
2450047.165  1995 11 25  15:57
2450047.793  1995 11 26   7: 2
2450048.422  1995 11 26  22: 7
2450049.050  1995 11 27  13:12
2450049.679  1995 11 28   4:17
2450050.307  1995 11 28  19:22
2450050.936  1995 11 29  10:27
2450051.565  1995 11 30   1:32
2450052.193  1995 11 30  16:38
2450052.822  1995 12  1   7:43
2450053.450  1995 12  1  22:48
2450054.079  1995 12  2  13:53
2450054.707  1995 12  3   4:58
2450055.336  1995 12  3  20: 3
2450055.964  1995 12  4  11: 8
2450056.593  1995 12  5   2:13
2450057.221  1995 12  5  17:18
2450057.850  1995 12  6   8:23
2450058.479  1995 12  6  23:29
2450059.107  1995 12  7  14:34
2450059.736  1995 12  8   5:39
2450060.364  1995 12  8  20:44
2450060.993  1995 12  9  11:49
2450061.621  1995 12 10   2:54
2450062.250  1995 12 10  17:59
2450062.878  1995 12 11   9: 4
2450063.507  1995 12 12   0: 9
2450064.135  1995 12 12  15:14
2450064.764  1995 12 13   6:20
2450065.392  1995 12 13  21:25
2450066.021  1995 12 14  12:30
2450066.650  1995 12 15   3:35
2450067.278  1995 12 15  18:40
2450067.907  1995 12 16   9:45
2450068.535  1995 12 17   0:50
2450069.164  1995 12 17  15:55
2450069.792  1995 12 18   7: 0
2450070.421  1995 12 18  22: 5
2450071.049  1995 12 19  13:11
2450071.678  1995 12 20   4:16
2450072.306  1995 12 20  19:21
2450072.935  1995 12 21  10:26
2450073.563  1995 12 22   1:31
2450074.192  1995 12 22  16:36
2450074.821  1995 12 23   7:41
2450075.449  1995 12 23  22:46
2450076.078  1995 12 24  13:51
2450076.706  1995 12 25   4:56
2450077.335  1995 12 25  20: 2
2450077.963  1995 12 26  11: 7
2450078.592  1995 12 27   2:12
2450079.220  1995 12 27  17:17
2450079.849  1995 12 28   8:22
2450080.477  1995 12 28  23:27
2450081.106  1995 12 29  14:32
2450081.735  1995 12 30   5:37
2450082.363  1995 12 30  20:42
2450082.992  1995 12 31  11:47
2450083.620  1996  1  1   2:52
2450084.249  1996  1  1  17:58
2450084.877  1996  1  2   9: 3
2450085.506  1996  1  3   0: 8
2450086.134  1996  1  3  15:13
2450086.763  1996  1  4   6:18
2450087.391  1996  1  4  21:23
2450088.020  1996  1  5  12:28
2450088.648  1996  1  6   3:33
2450089.277  1996  1  6  18:38
2450089.906  1996  1  7   9:43
2450090.534  1996  1  8   0:49
2450091.163  1996  1  8  15:54
2450091.791  1996  1  9   6:59
2450092.420  1996  1  9  22: 4
2450093.048  1996  1 10  13: 9
2450093.677  1996  1 11   4:14
2450094.305  1996  1 11  19:19
2450094.934  1996  1 12  10:24
2450095.562  1996  1 13   1:29
2450096.191  1996  1 13  16:34
2450096.819  1996  1 14   7:40
2450097.448  1996  1 14  22:45
2450098.077  1996  1 15  13:50
2450098.705  1996  1 16   4:55
2450099.334  1996  1 16  20: 0
2450099.962  1996  1 17  11: 5
2450100.591  1996  1 18   2:10
2450101.219  1996  1 18  17:15
2450101.848  1996  1 19   8:20
2450102.476  1996  1 19  23:25
2450103.105  1996  1 20  14:31
2450103.733  1996  1 21   5:36
2450104.362  1996  1 21  20:41
2450104.991  1996  1 22  11:46
2450105.619  1996  1 23   2:51
2450106.248  1996  1 23  17:56
2450106.876  1996  1 24   9: 1
2450107.505  1996  1 25   0: 6
2450108.133  1996  1 25  15:11
2450108.762  1996  1 26   6:16
2450109.390  1996  1 26  21:22
2450110.019  1996  1 27  12:27
2450110.647  1996  1 28   3:32
2450111.276  1996  1 28  18:37
2450111.904  1996  1 29   9:42
2450112.533  1996  1 30   0:47
2450113.162  1996  1 30  15:52
2450113.790  1996  1 31   6:57
2450114.419  1996  1 31  22: 2
2450115.047  1996  2  1  13: 7
2450115.676  1996  2  2   4:12
2450116.304  1996  2  2  19:18
2450116.933  1996  2  3  10:23
2450117.561  1996  2  4   1:28
2450118.190  1996  2  4  16:33
2450118.818  1996  2  5   7:38
2450119.447  1996  2  5  22:43
2450120.075  1996  2  6  13:48
2450120.704  1996  2  7   4:53
2450121.333  1996  2  7  19:58
2450121.961  1996  2  8  11: 3
2450122.590  1996  2  9   2: 9
2450123.218  1996  2  9  17:14
2450123.847  1996  2 10   8:19
2450124.475  1996  2 10  23:24
2450125.104  1996  2 11  14:29
