    pandora eclipse disappearances.

     JD        Date       UTC

2449859.774  1995  5 22   6:34
2449860.403  1995  5 22  21:39
2449861.031  1995  5 23  12:44
2449861.660  1995  5 24   3:49
2449862.288  1995  5 24  18:54
2449862.917  1995  5 25  10: 0
2449863.545  1995  5 26   1: 5
2449864.174  1995  5 26  16:10
2449864.802  1995  5 27   7:15
2449865.431  1995  5 27  22:20
2449866.059  1995  5 28  13:25
2449866.688  1995  5 29   4:30
2449867.316  1995  5 29  19:35
2449867.945  1995  5 30  10:40
2449868.574  1995  5 31   1:45
2449869.202  1995  5 31  16:51
2449869.831  1995  6  1   7:56
2449870.459  1995  6  1  23: 1
2449871.088  1995  6  2  14: 6
2449871.716  1995  6  3   5:11
2449872.345  1995  6  3  20:16
2449872.973  1995  6  4  11:21
2449873.602  1995  6  5   2:26
2449874.230  1995  6  5  17:31
2449874.859  1995  6  6   8:36
2449875.488  1995  6  6  23:42
2449876.116  1995  6  7  14:47
2449876.745  1995  6  8   5:52
2449877.373  1995  6  8  20:57
2449878.002  1995  6  9  12: 2
2449878.630  1995  6 10   3: 7
2449879.259  1995  6 10  18:12
2449879.887  1995  6 11   9:17
2449880.516  1995  6 12   0:22
2449881.144  1995  6 12  15:27
2449881.773  1995  6 13   6:32
2449882.401  1995  6 13  21:38
2449883.030  1995  6 14  12:43
2449883.659  1995  6 15   3:48
2449884.287  1995  6 15  18:53
2449884.916  1995  6 16   9:58
2449885.544  1995  6 17   1: 3
2449886.173  1995  6 17  16: 8
2449886.801  1995  6 18   7:13
2449887.430  1995  6 18  22:18
2449888.058  1995  6 19  13:23
2449888.687  1995  6 20   4:29
2449889.315  1995  6 20  19:34
2449889.944  1995  6 21  10:39
2449890.572  1995  6 22   1:44
2449891.201  1995  6 22  16:49
2449891.830  1995  6 23   7:54
2449892.458  1995  6 23  22:59
2449893.087  1995  6 24  14: 4
2449893.715  1995  6 25   5: 9
2449894.344  1995  6 25  20:14
2449894.972  1995  6 26  11:20
2449895.601  1995  6 27   2:25
2449896.229  1995  6 27  17:30
2449896.858  1995  6 28   8:35
2449897.486  1995  6 28  23:40
2449898.115  1995  6 29  14:45
2449898.744  1995  6 30   5:50
2449899.372  1995  6 30  20:55
2449900.001  1995  7  1  12: 0
2449900.629  1995  7  2   3: 5
2449901.258  1995  7  2  18:11
2449901.886  1995  7  3   9:16
2449902.515  1995  7  4   0:21
2449903.143  1995  7  4  15:26
2449903.772  1995  7  5   6:31
2449904.400  1995  7  5  21:36
2449905.029  1995  7  6  12:41
2449905.657  1995  7  7   3:46
2449906.286  1995  7  7  18:51
2449906.915  1995  7  8   9:56
2449907.543  1995  7  9   1: 2
2449908.172  1995  7  9  16: 7
2449908.800  1995  7 10   7:12
2449909.429  1995  7 10  22:17
2449910.057  1995  7 11  13:22
2449910.686  1995  7 12   4:27
2449911.314  1995  7 12  19:32
2449911.943  1995  7 13  10:37
2449912.571  1995  7 14   1:42
2449913.200  1995  7 14  16:47
2449913.828  1995  7 15   7:53
2449914.457  1995  7 15  22:58
2449915.086  1995  7 16  14: 3
2449915.714  1995  7 17   5: 8
2449916.343  1995  7 17  20:13
2449916.971  1995  7 18  11:18
2449917.600  1995  7 19   2:23
2449918.228  1995  7 19  17:28
2449918.857  1995  7 20   8:33
2449919.485  1995  7 20  23:38
2449920.114  1995  7 21  14:43
2449920.742  1995  7 22   5:49
2449921.371  1995  7 22  20:54
2449922.000  1995  7 23  11:59
2449922.628  1995  7 24   3: 4
2449923.257  1995  7 24  18: 9
2449923.885  1995  7 25   9:14
2449924.514  1995  7 26   0:19
2449925.142  1995  7 26  15:24
2449925.771  1995  7 27   6:29
2449926.399  1995  7 27  21:34
2449927.028  1995  7 28  12:40
2449927.656  1995  7 29   3:45
2449928.285  1995  7 29  18:50
2449928.913  1995  7 30   9:55
2449929.542  1995  7 31   1: 0
2449930.171  1995  7 31  16: 5
2449930.799  1995  8  1   7:10
2449931.428  1995  8  1  22:15
2449932.056  1995  8  2  13:20
2449932.685  1995  8  3   4:25
2449933.313  1995  8  3  19:31
2449933.942  1995  8  4  10:36
2449934.570  1995  8  5   1:41
2449935.199  1995  8  5  16:46
2449935.827  1995  8  6   7:51
2449936.456  1995  8  6  22:56
2449937.084  1995  8  7  14: 1
2449937.713  1995  8  8   5: 6
2449938.342  1995  8  8  20:11
2449938.970  1995  8  9  11:16
2449939.599  1995  8 10   2:22
2449940.227  1995  8 10  17:27
