 prometheus eclipse reappearances.

     JD        Date       UTC

2450042.850  1995 11 21   8:24
2450043.463  1995 11 21  23: 6
2450044.076  1995 11 22  13:49
2450044.689  1995 11 23   4:32
2450045.302  1995 11 23  19:15
2450045.915  1995 11 24   9:57
2450046.528  1995 11 25   0:40
2450047.141  1995 11 25  15:23
2450047.754  1995 11 26   6: 6
2450048.367  1995 11 26  20:48
2450048.980  1995 11 27  11:31
2450049.593  1995 11 28   2:14
2450050.206  1995 11 28  16:57
2450050.819  1995 11 29   7:39
2450051.432  1995 11 29  22:22
2450052.045  1995 11 30  13: 5
2450052.658  1995 12  1   3:47
2450053.271  1995 12  1  18:30
2450053.884  1995 12  2   9:13
2450054.497  1995 12  2  23:56
2450055.110  1995 12  3  14:38
2450055.723  1995 12  4   5:21
2450056.336  1995 12  4  20: 4
2450056.949  1995 12  5  10:47
2450057.562  1995 12  6   1:30
2450058.176  1995 12  6  16:12
2450058.789  1995 12  7   6:55
2450059.402  1995 12  7  21:38
2450060.015  1995 12  8  12:21
2450060.628  1995 12  9   3: 3
2450061.241  1995 12  9  17:46
2450061.854  1995 12 10   8:29
2450062.467  1995 12 10  23:12
2450063.080  1995 12 11  13:54
2450063.693  1995 12 12   4:37
2450064.306  1995 12 12  19:20
2450064.919  1995 12 13  10: 3
2450065.532  1995 12 14   0:45
2450066.145  1995 12 14  15:28
2450066.758  1995 12 15   6:11
2450067.371  1995 12 15  20:54
2450067.984  1995 12 16  11:36
2450068.597  1995 12 17   2:19
2450069.210  1995 12 17  17: 2
2450069.823  1995 12 18   7:45
2450070.436  1995 12 18  22:27
2450071.049  1995 12 19  13:10
2450071.662  1995 12 20   3:53
2450072.275  1995 12 20  18:35
2450072.888  1995 12 21   9:18
2450073.501  1995 12 22   0: 1
2450074.114  1995 12 22  14:44
2450074.727  1995 12 23   5:26
2450075.340  1995 12 23  20: 9
2450075.953  1995 12 24  10:52
2450076.566  1995 12 25   1:35
2450077.179  1995 12 25  16:18
2450077.792  1995 12 26   7: 0
2450078.405  1995 12 26  21:43
2450079.018  1995 12 27  12:26
2450079.631  1995 12 28   3: 9
2450080.244  1995 12 28  17:51
2450080.857  1995 12 29   8:34
2450081.470  1995 12 29  23:17
2450082.083  1995 12 30  14: 0
2450082.696  1995 12 31   4:42
2450083.309  1995 12 31  19:25
2450083.922  1996  1  1  10: 8
2450084.535  1996  1  2   0:51
2450085.148  1996  1  2  15:33
2450085.761  1996  1  3   6:16
2450086.374  1996  1  3  20:59
2450086.988  1996  1  4  11:42
2450087.601  1996  1  5   2:24
2450088.214  1996  1  5  17: 7
2450088.827  1996  1  6   7:50
2450089.440  1996  1  6  22:32
2450090.053  1996  1  7  13:15
2450090.666  1996  1  8   3:58
2450091.279  1996  1  8  18:41
2450091.892  1996  1  9   9:23
2450092.505  1996  1 10   0: 6
2450093.118  1996  1 10  14:49
2450093.731  1996  1 11   5:32
2450094.344  1996  1 11  20:15
2450094.957  1996  1 12  10:57
2450095.570  1996  1 13   1:40
2450096.183  1996  1 13  16:23
2450096.796  1996  1 14   7: 6
2450097.409  1996  1 14  21:48
2450098.022  1996  1 15  12:31
2450098.635  1996  1 16   3:14
2450099.248  1996  1 16  17:57
2450099.861  1996  1 17   8:39
2450100.474  1996  1 17  23:22
2450101.087  1996  1 18  14: 5
2450101.700  1996  1 19   4:48
2450102.313  1996  1 19  19:30
2450102.926  1996  1 20  10:13
2450103.539  1996  1 21   0:56
2450104.152  1996  1 21  15:39
2450104.765  1996  1 22   6:21
2450105.378  1996  1 22  21: 4
2450105.991  1996  1 23  11:47
2450106.604  1996  1 24   2:30
2450107.217  1996  1 24  17:12
2450107.830  1996  1 25   7:55
2450108.443  1996  1 25  22:38
2450109.056  1996  1 26  13:20
2450109.669  1996  1 27   4: 3
2450110.282  1996  1 27  18:46
2450110.895  1996  1 28   9:29
2450111.508  1996  1 29   0:11
2450112.121  1996  1 29  14:54
2450112.734  1996  1 30   5:37
2450113.347  1996  1 30  20:20
2450113.960  1996  1 31  11: 3
2450114.573  1996  2  1   1:45
2450115.186  1996  2  1  16:28
2450115.799  1996  2  2   7:11
2450116.413  1996  2  2  21:54
2450117.026  1996  2  3  12:36
2450117.639  1996  2  4   3:19
2450118.252  1996  2  4  18: 2
2450118.865  1996  2  5   8:45
2450119.478  1996  2  5  23:27
2450120.091  1996  2  6  14:10
2450120.704  1996  2  7   4:53
2450121.317  1996  2  7  19:36
2450121.930  1996  2  8  10:18
2450122.543  1996  2  9   1: 1
2450123.156  1996  2  9  15:44
2450123.769  1996  2 10   6:27
2450124.382  1996  2 10  21: 9
2450124.995  1996  2 11  11:52
