 prometheus eclipse disappearances.

     JD        Date       UTC

2449860.086  1995  5 22  14: 3
2449860.699  1995  5 23   4:46
2449861.312  1995  5 23  19:29
2449861.925  1995  5 24  10:12
2449862.538  1995  5 25   0:54
2449863.151  1995  5 25  15:37
2449863.764  1995  5 26   6:20
2449864.377  1995  5 26  21: 3
2449864.990  1995  5 27  11:45
2449865.603  1995  5 28   2:28
2449866.216  1995  5 28  17:11
2449866.829  1995  5 29   7:54
2449867.442  1995  5 29  22:36
2449868.055  1995  5 30  13:19
2449868.668  1995  5 31   4: 2
2449869.281  1995  5 31  18:45
2449869.894  1995  6  1   9:27
2449870.507  1995  6  2   0:10
2449871.120  1995  6  2  14:53
2449871.733  1995  6  3   5:36
2449872.346  1995  6  3  20:18
2449872.959  1995  6  4  11: 1
2449873.572  1995  6  5   1:44
2449874.185  1995  6  5  16:27
2449874.799  1995  6  6   7: 9
2449875.412  1995  6  6  21:52
2449876.025  1995  6  7  12:35
2449876.638  1995  6  8   3:18
2449877.251  1995  6  8  18: 0
2449877.864  1995  6  9   8:43
2449878.477  1995  6  9  23:26
2449879.090  1995  6 10  14: 9
2449879.703  1995  6 11   4:51
2449880.316  1995  6 11  19:34
2449880.929  1995  6 12  10:17
2449881.542  1995  6 13   1: 0
2449882.155  1995  6 13  15:42
2449882.768  1995  6 14   6:25
2449883.381  1995  6 14  21: 8
2449883.994  1995  6 15  11:51
2449884.607  1995  6 16   2:33
2449885.220  1995  6 16  17:16
2449885.833  1995  6 17   7:59
2449886.446  1995  6 17  22:42
2449887.059  1995  6 18  13:24
2449887.672  1995  6 19   4: 7
2449888.285  1995  6 19  18:50
2449888.898  1995  6 20   9:33
2449889.511  1995  6 21   0:15
2449890.124  1995  6 21  14:58
2449890.737  1995  6 22   5:41
2449891.350  1995  6 22  20:24
2449891.963  1995  6 23  11: 6
2449892.576  1995  6 24   1:49
2449893.189  1995  6 24  16:32
2449893.802  1995  6 25   7:15
2449894.415  1995  6 25  21:57
2449895.028  1995  6 26  12:40
2449895.641  1995  6 27   3:23
2449896.254  1995  6 27  18: 6
2449896.867  1995  6 28   8:48
2449897.480  1995  6 28  23:31
2449898.093  1995  6 29  14:14
2449898.706  1995  6 30   4:57
2449899.319  1995  6 30  19:39
2449899.932  1995  7  1  10:22
2449900.545  1995  7  2   1: 5
2449901.158  1995  7  2  15:48
2449901.771  1995  7  3   6:30
2449902.384  1995  7  3  21:13
2449902.997  1995  7  4  11:56
2449903.610  1995  7  5   2:39
2449904.224  1995  7  5  17:21
2449904.837  1995  7  6   8: 4
2449905.450  1995  7  6  22:47
2449906.063  1995  7  7  13:30
2449906.676  1995  7  8   4:12
2449907.289  1995  7  8  18:55
2449907.902  1995  7  9   9:38
2449908.515  1995  7 10   0:21
2449909.128  1995  7 10  15: 3
2449909.741  1995  7 11   5:46
2449910.354  1995  7 11  20:29
2449910.967  1995  7 12  11:12
2449911.580  1995  7 13   1:54
2449912.193  1995  7 13  16:37
2449912.806  1995  7 14   7:20
2449913.419  1995  7 14  22: 3
2449914.032  1995  7 15  12:45
2449914.645  1995  7 16   3:28
2449915.258  1995  7 16  18:11
2449915.871  1995  7 17   8:54
2449916.484  1995  7 17  23:36
2449917.097  1995  7 18  14:19
2449917.710  1995  7 19   5: 2
2449918.323  1995  7 19  19:45
2449918.936  1995  7 20  10:27
2449919.549  1995  7 21   1:10
2449920.162  1995  7 21  15:53
2449920.775  1995  7 22   6:36
2449921.388  1995  7 22  21:18
2449922.001  1995  7 23  12: 1
2449922.614  1995  7 24   2:44
2449923.227  1995  7 24  17:27
2449923.840  1995  7 25   8: 9
2449924.453  1995  7 25  22:52
2449925.066  1995  7 26  13:35
2449925.679  1995  7 27   4:18
2449926.292  1995  7 27  19: 0
2449926.905  1995  7 28   9:43
2449927.518  1995  7 29   0:26
2449928.131  1995  7 29  15: 9
2449928.744  1995  7 30   5:51
2449929.357  1995  7 30  20:34
2449929.970  1995  7 31  11:17
2449930.583  1995  8  1   2: 0
2449931.196  1995  8  1  16:42
2449931.809  1995  8  2   7:25
2449932.422  1995  8  2  22: 8
2449933.035  1995  8  3  12:51
2449933.649  1995  8  4   3:33
2449934.262  1995  8  4  18:16
2449934.875  1995  8  5   8:59
2449935.488  1995  8  5  23:42
2449936.101  1995  8  6  14:24
2449936.714  1995  8  7   5: 7
2449937.327  1995  8  7  19:50
2449937.940  1995  8  8  10:33
2449938.553  1995  8  9   1:15
2449939.166  1995  8  9  15:58
2449939.779  1995  8 10   6:41
2449940.392  1995  8 10  21:24
